trip_id,arrival_time,departure_time,stop_id,stop_sequence,stop_headsign,pickup_type,drop_off_type,shape_dist_traveled,timepoint
2603405,05:45:00,05:45:00,11976,1,,,,,0
2603405,05:53:00,05:53:00,11977,2,,,,9.6327,0
2603405,06:03:00,06:03:00,11978,3,,,,25.2401,0
2603405,06:15:00,06:15:00,11979,4,,,,39.5975,0
2603405,06:30:00,06:30:00,11980,5,,,,58.3402,0
2603405,06:36:00,06:36:00,11981,6,,,,62.684300,0
2603405,06:42:00,06:42:00,11982,7,,,,69.953800,0
2603405,06:44:00,06:44:00,11984,8,,,,75.188400,0
2603405,06:51:00,06:51:00,11985,9,,,,87.0726,0
2603405,06:58:00,06:58:00,11986,10,,,,95.9871,0
2603405,07:04:00,07:04:00,11987,11,,,,104.7812,0
2603405,07:10:00,07:10:00,11988,12,,,,108.7872,0
2603405,07:34:00,07:34:00,11958,13,,,,122.7757,0
2566898,07:00:00,07:00:00,11980,0,,,,0,1
2566898,07:08:00,07:08:00,11981,1,,,,4.38,1
2566898,07:15:00,07:15:00,11982,2,,,,11.65,1
2566898,07:22:00,07:22:00,11984,3,,,,16.89,1
2566898,07:29:00,07:29:00,11985,4,,,,28.77,1
2566898,07:36:00,07:36:00,11986,5,,,,37.68,1
2566898,07:42:00,07:42:00,11987,6,,,,46.48,1
2566898,07:48:00,07:48:00,11988,7,,,,50.48,1
2566898,08:02:00,08:02:00,11958,8,,,,64.47,1
2566900,08:15:00,08:15:00,11980,0,,,,0,1
2566900,08:23:00,08:23:00,11981,1,,,,4.38,1
2566900,08:30:00,08:30:00,11982,2,,,,11.65,1
2566900,08:37:00,08:37:00,11984,3,,,,16.85,1
2566900,08:44:00,08:44:00,11985,4,,,,28.73,1
2566900,08:51:00,08:51:00,11986,5,,,,37.65,1
2566900,08:57:00,08:57:00,11987,6,,,,46.48,1
2566900,09:03:00,09:03:00,11988,7,,,,50.45,1
2566900,09:18:00,09:18:00,11958,8,,,,64.44,1
2603426,15:50:00,15:50:00,11979,1,,,,,0
2603426,16:18:00,16:18:00,11980,2,,,,18.3284,0
2603426,16:23:00,16:23:00,11981,3,,,,22.6725,0
2603426,16:28:00,16:28:00,11982,4,,,,29.942,0
2603426,16:38:00,16:38:00,11984,5,,,,35.1765,0
2603426,16:45:00,16:45:00,11985,6,,,,47.0608,0
2603426,16:51:00,16:51:00,11986,7,,,,55.9753,0
2603426,16:54:00,16:54:00,11987,8,,,,64.7694,0
2603426,16:56:00,16:56:00,11988,9,,,,68.7753,0
2603426,17:13:00,17:13:00,11958,10,,,,82.7639,0
2603441,16:45:00,16:45:00,11958,1,,,,,0
2603441,16:55:00,16:55:00,11989,2,,,,13.9878,0
2603441,16:59:00,16:59:00,11990,3,,,,17.9945,0
2603441,17:06:00,17:06:00,11991,4,,,,26.78,0
2603441,17:14:00,17:14:00,11992,5,,,,35.7031,0
2603441,17:27:00,17:27:00,11993,6,,,,47.5877,0
2603441,17:31:00,17:31:00,11994,7,,,,52.8219,0
2603441,17:37:00,17:37:00,11995,8,,,,60.091400,0
2603441,17:47:00,17:47:00,12002,9,,,,64.4355,0
2603441,18:10:00,18:10:00,12003,10,,,,82.7639,0
2603454,17:25:00,17:25:00,11958,1,,,,,0
2603454,17:37:00,17:37:00,11989,2,,,,13.9878,0
2603454,17:41:00,17:41:00,11990,3,,,,17.9945,0
2603454,17:48:00,17:48:00,11991,4,,,,26.78,0
2603454,17:56:00,17:56:00,11992,5,,,,35.7031,0
2603454,18:05:00,18:05:00,11993,6,,,,47.5877,0
2603454,18:11:00,18:11:00,11994,7,,,,52.8219,0
2603454,18:21:00,18:21:00,11995,8,,,,60.0914,0
2603454,18:39:00,18:39:00,12002,9,,,,64.4355,0
2603455,17:58:00,17:58:00,11958,1,,,,,0
2603455,18:13:00,18:13:00,11989,2,,,,13.9878,0
2603455,18:17:00,18:17:00,11990,3,,,,17.9945,0
2603455,18:24:00,18:24:00,11991,4,,,,26.78,0
2603455,18:32:00,18:32:00,11992,5,,,,35.7031,0
2603455,18:41:00,18:41:00,11993,6,,,,47.5877,0
2603455,18:47:00,18:47:00,11994,7,,,,52.8219,0
2603455,18:54:00,18:54:00,11995,8,,,,60.0914,0
2603455,19:07:00,19:07:00,12002,9,,,,64.4355,0
2603455,19:28:00,19:28:00,12003,10,,,,82.7639,0
2603474,08:30:00,08:30:00,11979,1,,,,,0
2603474,08:55:00,08:55:00,11980,2,,,,18.3285,0
2603474,09:02:00,09:02:00,11981,3,,,,22.6726,0
2603474,09:08:00,09:08:00,11982,4,,,,29.942,0
2603474,09:15:00,09:15:00,11984,5,,,,35.1766,0
2603474,09:22:00,09:22:00,11985,6,,,,47.0608,0
2603474,09:28:00,09:28:00,11986,7,,,,55.9753,0
2603474,09:36:00,09:36:00,11988,8,,,,68.7754,0
2603474,09:55:00,09:55:00,11958,9,,,,82.7639,0
2603460,14:35:00,14:35:00,11979,1,,,,,0
2603460,15:00:00,15:00:00,11980,2,,,,18.3285,0
2603460,15:07:00,15:07:00,11981,3,,,,22.6726,0
2603460,15:13:00,15:13:00,11982,4,,,,29.942,0
2603460,15:20:00,15:20:00,11984,5,,,,35.1766,0
2603460,15:27:00,15:27:00,11985,6,,,,47.0608,0
2603460,15:33:00,15:33:00,11986,7,,,,55.9753,0
2603460,15:41:00,15:41:00,11988,8,,,,68.7754,0
2603460,16:00:00,16:00:00,11958,9,,,,82.7639,0
2603462,18:00:00,18:00:00,11980,1,,,,,0
2603462,18:07:00,18:07:00,11981,2,,,,4.3441,0
2603462,18:13:00,18:13:00,11982,3,,,,11.6136,0
2603462,18:20:00,18:20:00,11984,4,,,,16.8481,0
2603462,18:27:00,18:27:00,11985,5,,,,28.7324,0
2603462,18:33:00,18:33:00,11986,6,,,,37.6469,0
2603462,18:46:00,18:46:00,11988,7,,,,50.4469,0
2603462,19:05:00,19:05:00,11958,8,,,,64.4355,0
2603463,19:30:00,19:30:00,11980,1,,,,,0
2603463,19:37:00,19:37:00,11981,2,,,,4.3441,0
2603463,19:43:00,19:43:00,11982,3,,,,11.6136,0
2603463,19:50:00,19:50:00,11984,4,,,,16.8481,0
2603463,19:57:00,19:57:00,11985,5,,,,28.7324,0
2603463,20:03:00,20:03:00,11986,6,,,,37.6469,0
2603463,20:11:00,20:11:00,11988,7,,,,50.4469,0
2603463,20:30:00,20:30:00,11958,8,,,,64.4355,0
2603466,10:15:00,10:15:00,11958,1,,,,,0
2603466,10:26:00,10:26:00,11989,2,,,,13.9878,0
2603466,10:34:00,10:34:00,11991,3,,,,26.78,0
2603466,10:40:00,10:40:00,11992,4,,,,35.7031,0
2603466,10:48:00,10:48:00,11993,5,,,,47.5877,0
2603466,10:53:00,10:53:00,11994,6,,,,52.8219,0
2603466,10:59:00,10:59:00,11995,7,,,,60.0914,0
2603466,11:18:00,11:18:00,12002,8,,,,64.4355,0
2603468,16:20:00,16:20:00,11958,1,,,,,0
2603468,16:31:00,16:31:00,11989,2,,,,13.9878,0
2603468,16:39:00,16:39:00,11991,3,,,,26.78,0
2603468,16:45:00,16:45:00,11992,4,,,,35.7031,0
2603468,16:53:00,16:53:00,11993,5,,,,47.5877,0
2603468,16:59:00,16:59:00,11994,6,,,,52.8219,0
2603468,17:05:00,17:05:00,11995,7,,,,60.0914,0
2603468,17:24:00,17:24:00,12002,8,,,,64.4355,0
2603469,17:20:00,17:20:00,11958,1,,,,,0
2603469,17:31:00,17:31:00,11989,2,,,,13.9878,0
2603469,17:39:00,17:39:00,11991,3,,,,26.78,0
2603469,17:45:00,17:45:00,11992,4,,,,35.7031,0
2603469,17:53:00,17:53:00,11993,5,,,,47.5877,0
2603469,17:59:00,17:59:00,11994,6,,,,52.8219,0
2603469,18:05:00,18:05:00,11995,7,,,,60.0914,0
2603469,18:23:00,18:23:00,12002,8,,,,64.4355,0
2603471,21:20:00,21:20:00,11958,1,,,,,0
2603471,21:31:00,21:31:00,11989,2,,,,13.9878,0
2603471,21:39:00,21:39:00,11991,3,,,,26.78,0
2603471,21:45:00,21:45:00,11992,4,,,,35.7031,0
2603471,21:53:00,21:53:00,11993,5,,,,47.5877,0
2603471,21:59:00,21:59:00,11994,6,,,,52.8219,0
2603471,22:05:00,22:05:00,11995,7,,,,60.0914,0
2603471,22:25:00,22:25:00,12002,8,,,,64.4355,0
2603471,22:51:00,22:51:00,12003,9,,,,82.7639,0
2603481,12:16:00,12:16:00,11958,1,,,,,0
2603481,12:28:00,12:28:00,11989,2,,,,13.9878,0
2603481,12:36:00,12:36:00,11991,3,,,,26.78,0
2603481,12:42:00,12:42:00,11992,4,,,,35.7031,0
2603481,12:50:00,12:50:00,11993,5,,,,47.5877,0
2603481,12:56:00,12:56:00,11994,6,,,,52.8219,0
2603481,13:02:00,13:02:00,11995,7,,,,60.0914,0
2603481,13:21:00,13:21:00,12002,8,,,,64.4355,0
2603485,16:20:00,16:20:00,11958,1,,,,,0
2603485,16:31:00,16:31:00,11989,2,,,,13.9878,0
2603485,16:39:00,16:39:00,11991,3,,,,26.78,0
2603485,16:45:00,16:45:00,11992,4,,,,35.7031,0
2603485,16:53:00,16:53:00,11993,5,,,,47.5877,0
2603485,16:59:00,16:59:00,11994,6,,,,52.8219,0
2603485,17:05:00,17:05:00,11995,7,,,,60.0914,0
2603485,17:24:00,17:24:00,12002,8,,,,64.4355,0
2603483,17:20:00,17:20:00,11958,1,,,,,0
2603483,17:31:00,17:31:00,11989,2,,,,13.9878,0
2603483,17:39:00,17:39:00,11991,3,,,,26.78,0
2603483,17:45:00,17:45:00,11992,4,,,,35.7031,0
2603483,17:53:00,17:53:00,11993,5,,,,47.5877,0
2603483,17:59:00,17:59:00,11994,6,,,,52.8219,0
2603483,18:05:00,18:05:00,11995,7,,,,60.0914,0
2603483,18:29:00,18:29:00,12002,8,,,,64.4355,0
2603483,18:53:00,18:53:00,12003,9,,,,82.7639,0
2603475,10:30:00,10:30:00,11979,1,,,,,0
2603475,10:55:00,10:55:00,11980,2,,,,18.3285,0
2603475,11:02:00,11:02:00,11981,3,,,,22.6726,0
2603475,11:08:00,11:08:00,11982,4,,,,29.942,0
2603475,11:15:00,11:15:00,11984,5,,,,35.1766,0
2603475,11:22:00,11:22:00,11985,6,,,,47.0608,0
2603475,11:28:00,11:28:00,11986,7,,,,55.9753,0
2603475,11:36:00,11:36:00,11988,8,,,,68.7754,0
2603475,11:55:00,11:55:00,11958,9,,,,82.7639,0
2603477,14:00:00,14:00:00,11980,1,,,,,0
2603477,14:07:00,14:07:00,11981,2,,,,4.3441,0
2603477,14:13:00,14:13:00,11982,3,,,,11.6136,0
2603477,14:20:00,14:20:00,11984,4,,,,16.8481,0
2603477,14:27:00,14:27:00,11985,5,,,,28.7324,0
2603477,14:33:00,14:33:00,11986,6,,,,37.6469,0
2603477,14:41:00,14:41:00,11988,7,,,,50.4469,0
2603477,15:00:00,15:00:00,11958,8,,,,64.4355,0
2603478,16:00:00,16:00:00,11980,1,,,,,0
2603478,16:07:00,16:07:00,11981,2,,,,4.3441,0
2603478,16:13:00,16:13:00,11982,3,,,,11.6136,0
2603478,16:20:00,16:20:00,11984,4,,,,16.8481,0
2603478,16:27:00,16:27:00,11985,5,,,,28.7324,0
2603478,16:33:00,16:33:00,11986,6,,,,37.6469,0
2603478,16:41:00,16:41:00,11988,7,,,,50.4469,0
2603478,17:00:00,17:00:00,11958,8,,,,64.4355,0
2603479,18:00:00,18:00:00,11980,1,,,,,0
2603479,18:07:00,18:07:00,11981,2,,,,4.3441,0
2603479,18:13:00,18:13:00,11982,3,,,,11.6136,0
2603479,18:20:00,18:20:00,11984,4,,,,16.8481,0
2603479,18:27:00,18:27:00,11985,5,,,,28.7324,0
2603479,18:33:00,18:33:00,11986,6,,,,37.6469,0
2603479,18:46:00,18:46:00,11988,7,,,,50.4469,0
2603479,19:05:00,19:05:00,11958,8,,,,64.4355,0
2603491,07:10:00,07:10:00,12006,1,,,,0.000000,0
2603491,07:20:00,07:20:00,12007,2,,,,10.778400,0
2603491,07:29:00,07:29:00,12008,3,,,,18.078400,0
2603491,07:37:00,07:37:00,12010,4,,,,26.150300,0
2603491,07:44:00,07:44:00,12012,5,,,,31.296100,0
2603491,07:49:00,07:49:00,12013,6,,,,37.181300,0
2603491,07:55:00,07:55:00,12014,7,,,,43.597400,0
2603491,08:01:00,08:01:00,12015,8,,,,47.687200,0
2603491,08:04:00,08:04:00,12016,9,,,,49.230600,0
2603491,08:21:00,08:21:00,11958,10,,,,59.115800,0
2603498,17:58:00,17:58:00,11958,1,,,,,0
2603498,18:08:00,18:08:00,12017,2,,,,9.885200,0
2603498,18:10:00,18:10:00,12018,3,,,,11.4299,0
2603498,18:13:00,18:13:00,12019,4,,,,15.519800,0
2603498,18:17:00,18:17:00,12020,5,,,,21.9345,0
2603498,18:24:00,18:24:00,12021,6,,,,27.8204,0
2603498,18:30:00,18:30:00,12023,7,,,,32.9646,0
2603498,18:33:00,18:33:00,12024,8,,,,35.0934,0
2603498,18:42:00,18:42:00,12025,9,,,,41.0934,0
2603498,18:52:00,18:52:00,12026,10,,,,48.336500,0
2603498,19:13:00,19:13:00,12006,11,,,,59.1158,0
2603387,06:25:00,06:25:00,11940,1,,,,0.000000,0
2603387,06:41:00,06:41:00,11941,2,,,,19.432200,0
2603387,06:50:00,06:50:00,11942,3,,,,29.468300,0
2603387,07:05:00,07:05:00,11943,4,,,,39.210500,0
2603387,07:15:00,07:15:00,11946,5,,,,50.370100,0
2603387,07:22:00,07:22:00,11947,6,,,,61.847800,0
2603387,07:28:00,07:28:00,11948,7,,,,65.724700,0
2603387,07:33:00,07:33:00,11949,8,,,,72.483100,0
2603387,07:38:00,07:38:00,11950,9,,,,76.501600,0
2603387,07:43:00,07:43:00,11951,10,,,,81.101900,0
2603387,07:48:00,07:48:00,11952,11,,,,84.191400,0
2603387,07:50:00,07:50:00,11953,12,,,,85.895400,0
2603387,07:57:00,07:57:00,11954,13,,,,92.044300,0
2603387,08:02:00,08:02:00,11955,14,,,,98.979500,0
2603387,08:07:00,08:07:00,11956,15,,,,101.243800,0
2603387,08:15:00,08:15:00,11957,16,,,,106.498600,0
2603387,08:36:00,08:36:00,11958,17,,,,118.037600,0
2678322,16:55:00,16:55:00,11958,1,,,,,0
2678322,17:09:00,17:09:00,11959,2,,,,11.539,0
2678322,17:14:00,17:14:00,11960,3,,,,16.7938,0
2678322,17:17:00,17:17:00,11961,4,,,,19.0588,0
2678322,17:23:00,17:23:00,11962,5,,,,25.9926,0
2678322,17:28:00,17:28:00,11963,6,,,,32.1414,0
2678322,17:33:00,17:33:00,11964,7,,,,33.8462,0
2678322,17:36:00,17:36:00,11965,8,,,,36.9446,0
2678322,17:43:00,17:43:00,11966,9,,,,41.536,0
2678322,17:47:00,17:47:00,11967,10,,,,45.5554,0
2678322,17:51:00,17:51:00,11968,11,,,,52.312,0
2678322,18:01:00,18:01:00,11969,12,,,,56.1917,0
2678322,18:09:00,18:09:00,11970,13,,,,67.6653,0
2678322,18:28:00,18:28:00,11973,14,,,,78.8404,0
2496186,05:00:00,05:00:00,11940,1,,,,0.000000,0
2496186,05:16:00,05:16:00,11941,2,,,,19.432200,0
2496186,05:25:00,05:25:00,11942,3,,,,29.468300,0
2496186,05:40:00,05:40:00,11943,4,,,,39.210500,0
2496186,05:50:00,05:50:00,11946,5,,,,50.370100,0
2496186,05:56:00,05:56:00,11947,6,,,,61.847800,0
2496186,06:01:00,06:01:00,11948,7,,,,65.724700,0
2496186,06:07:00,06:07:00,11949,8,,,,72.483100,0
2496186,06:11:00,06:11:00,11950,9,,,,76.501600,0
2496186,06:17:00,06:17:00,11951,10,,,,81.101900,0
2496186,06:23:00,06:23:00,11952,11,,,,84.191400,0
2496186,06:25:00,06:25:00,11953,12,,,,85.895400,0
2496186,06:32:00,06:32:00,11954,13,,,,92.044300,0
2496186,06:35:00,06:35:00,11955,14,,,,98.979500,0
2496186,06:39:00,06:39:00,11956,15,,,,101.243800,0
2496186,06:49:00,06:49:00,11957,16,,,,106.498600,0
2496186,07:09:00,07:09:00,11958,17,,,,118.037600,0
2496188,06:05:00,06:05:00,11944,1,,,,0.000000,0
2496188,06:11:00,06:11:00,11945,2,,,,3.9,1
2496188,06:37:00,06:37:00,11947,3,,,,33.789400,0
2496188,06:41:00,06:41:00,11948,4,,,,36.666300,0
2496188,06:43:00,06:43:00,11949,5,,,,44.424700,0
2496188,06:54:00,06:54:00,11950,6,,,,48.443200,0
2496188,07:00:00,07:00:00,11951,7,,,,53.043500,0
2496188,07:06:00,07:06:00,11952,8,,,,56.133000,0
2496188,07:08:00,07:08:00,11953,9,,,,57.836700,0
2496188,07:17:00,07:17:00,11954,10,,,,63.985900,0
2496188,07:22:00,07:22:00,11955,11,,,,70.921100,0
2496188,07:27:00,07:27:00,11956,12,,,,73.185400,0
2496188,07:35:00,07:35:00,11957,13,,,,78.440200,0
2496188,07:56:00,07:56:00,11958,14,,,,89.979200,0
2496189,07:45:00,07:45:00,11943,1,,,,0.000000,0
2496189,07:55:00,07:55:00,11946,2,,,,11.172900,0
2496189,08:02:00,08:02:00,11947,3,,,,22.650600,0
2496189,08:08:00,08:08:00,11948,4,,,,26.527500,0
2496189,08:13:00,08:13:00,11949,5,,,,33.285900,0
2496189,08:19:00,08:19:00,11950,6,,,,37.304400,0
2496189,08:24:00,08:24:00,11951,7,,,,41.904700,0
2496189,08:30:00,08:30:00,11952,8,,,,44.994200,0
2496189,08:33:00,08:33:00,11953,9,,,,46.698200,0
2496189,08:41:00,08:41:00,11954,10,,,,52.847100,0
2496189,08:46:00,08:46:00,11955,11,,,,59.782300,0
2496189,08:50:00,08:50:00,11956,12,,,,62.046600,0
2496189,09:01:00,09:01:00,11957,13,,,,67.301400,0
2496189,09:21:00,09:21:00,11958,14,,,,78.840400,0
2496193,18:20:00,18:20:00,11958,1,,,,0.000000,0
2496193,18:34:00,18:34:00,11959,2,,,,11.539000,0
2496193,18:40:00,18:40:00,11960,3,,,,16.793800,0
2496193,18:43:00,18:43:00,11961,4,,,,19.058800,0
2496193,18:51:00,18:51:00,11962,5,,,,25.992600,0
2496193,18:56:00,18:56:00,11963,6,,,,32.142200,0
2496193,18:59:00,18:59:00,11964,7,,,,33.846200,0
2496193,19:02:00,19:02:00,11965,8,,,,36.944600,0
2496193,19:09:00,19:09:00,11966,9,,,,41.536000,0
2496193,19:13:00,19:13:00,11967,10,,,,48.294400,0
2496193,19:16:00,19:16:00,11968,11,,,,52.312000,0
2496193,19:27:00,19:27:00,11969,12,,,,56.188900,0
2496193,19:35:00,19:35:00,11970,13,,,,67.665300,0
2496193,19:48:00,19:48:00,11973,14,,,,78.827100,0
2496193,20:01:00,20:01:00,11974,15,,,,88.569300,0
2496193,20:14:00,20:14:00,11975,16,,,,98.605400,0
2496193,20:35:00,20:35:00,11940,17,,,,118.037600,0
2496198,17:20:00,17:20:00,11958,1,,,,0.000000,0
2496198,17:34:00,17:34:00,11959,2,,,,11.539000,0
2496198,17:40:00,17:40:00,11960,3,,,,16.793800,0
2496198,17:43:00,17:43:00,11961,4,,,,19.058800,0
2496198,17:49:00,17:49:00,11962,5,,,,25.992600,0
2496198,17:53:00,17:53:00,11963,6,,,,32.142200,0
2496198,17:55:00,17:55:00,11964,7,,,,33.846200,0
2496198,17:58:00,17:58:00,11965,8,,,,36.944600,0
2496198,18:05:00,18:05:00,11966,9,,,,41.536000,0
2496198,18:09:00,18:09:00,11967,10,,,,48.294400,0
2496198,18:15:00,18:15:00,11968,11,,,,52.312000,0
2496198,18:22:00,18:22:00,11969,12,,,,56.188900,0
2496198,18:49:00,18:49:00,11971,13,,,,86.077300,0
2496198,18:59:00,18:59:00,11972,14,,,,89.979200,0
2496199,16:25:00,16:25:00,11958,1,,,,0.000000,0
2496199,16:39:00,16:39:00,11959,2,,,,11.539000,0
2496199,16:44:00,16:44:00,11960,3,,,,16.793800,0
2496199,16:47:00,16:47:00,11961,4,,,,19.058800,0
2496199,16:56:00,16:56:00,11962,5,,,,25.992600,0
2496199,17:00:00,17:00:00,11963,6,,,,32.141500,0
2496199,17:03:00,17:03:00,11964,7,,,,33.846200,0
2496199,17:06:00,17:06:00,11965,8,,,,36.944600,0
2496199,17:15:00,17:15:00,11966,9,,,,41.536000,0
2496199,17:18:00,17:18:00,11967,10,,,,45.554500,0
2496199,17:25:00,17:25:00,11968,11,,,,52.312000,0
2496199,17:32:00,17:32:00,11969,12,,,,56.188900,0
2496199,17:39:00,17:39:00,11970,13,,,,67.665300,0
2496199,17:58:00,17:58:00,11973,14,,,,78.827100,0
2496199,18:12:00,18:12:00,11974,15,,,,88.569300,0
2496199,18:24:00,18:24:00,11975,16,,,,98.605400,0
2496199,18:45:00,18:45:00,11940,17,,,,118.037600,0
2496292,17:20:00,17:20:00,12006,1,,,,0.000000,0
2496292,17:38:00,17:38:00,12008,2,,,,18.078400,0
2496292,17:45:00,17:45:00,12010,3,,,,26.150300,0
2496292,17:49:00,17:49:00,12011,4,,,,30.502000,0
2496292,17:51:00,17:51:00,12012,5,,,,31.296100,0
2496292,17:56:00,17:56:00,12013,6,,,,37.181300,0
2496292,18:02:00,18:02:00,12014,7,,,,43.597400,0
2496292,18:06:00,18:06:00,12015,8,,,,47.687200,0
2496292,18:13:00,18:13:00,12016,9,,,,49.230600,0
2496292,18:28:00,18:28:00,11958,10,,,,59.115800,0
2496295,08:05:00,08:05:00,12006,1,,,,0.000000,0
2496295,08:16:00,08:16:00,12007,2,,,,10.778400,0
2496295,08:25:00,08:25:00,12008,3,,,,18.078400,0
2496295,08:32:00,08:32:00,12010,4,,,,26.150300,0
2496295,08:38:00,08:38:00,12012,5,,,,31.296100,0
2496295,08:44:00,08:44:00,12013,6,,,,37.181300,0
2496295,08:50:00,08:50:00,12014,7,,,,43.597400,0
2496295,08:54:00,08:54:00,12015,8,,,,47.687200,0
2496295,09:01:00,09:01:00,12016,9,,,,49.230600,0
2496295,09:12:00,09:12:00,11958,10,,,,59.115800,0
2496298,06:10:00,06:10:00,12006,1,,,,0.000000,0
2496298,06:20:00,06:20:00,12007,2,,,,10.778400,0
2496298,06:28:00,06:28:00,12008,3,,,,13.078400,0
2496298,06:31:00,06:31:00,12009,4,,,,18.078400,0
2496298,06:34:00,06:34:00,12010,5,,,,26.150300,0
2496298,06:40:00,06:40:00,12012,6,,,,31.296100,0
2496298,06:46:00,06:46:00,12013,7,,,,37.181300,0
2496298,06:53:00,06:53:00,12014,8,,,,43.597400,0
2496298,06:58:00,06:58:00,12015,9,,,,47.687200,0
2496298,07:04:00,07:04:00,12016,10,,,,49.230600,0
2496298,07:18:00,07:18:00,11958,11,,,,59.115800,0
2496301,18:55:00,18:55:00,11958,1,,,,0.000000,0
2496301,19:05:00,19:05:00,12017,2,,,,9.885200,0
2496301,19:07:00,19:07:00,12018,3,,,,11.429900,0
2496301,19:12:00,19:12:00,12019,4,,,,15.519800,0
2496301,19:18:00,19:18:00,12020,5,,,,21.934500,0
2496301,19:25:00,19:25:00,12021,6,,,,27.820400,0
2496301,19:31:00,19:31:00,12023,7,,,,32.964600,0
2496301,19:42:00,19:42:00,12025,8,,,,41.093400,0
2496301,19:51:00,19:51:00,12026,9,,,,48.336500,0
2496301,20:03:00,20:03:00,12006,10,,,,59.115800,0
2496305,16:43:00,16:43:00,11958,1,,,,0.000000,0
2496305,16:53:00,16:53:00,12017,2,,,,9.885200,0
2496305,16:56:00,16:56:00,12018,3,,,,11.429900,0
2496305,17:01:00,17:01:00,12019,4,,,,15.519800,0
2496305,17:07:00,17:07:00,12020,5,,,,21.934500,0
2496305,17:14:00,17:14:00,12021,6,,,,27.820400,0
2496305,17:20:00,17:20:00,12023,7,,,,32.964600,0
2496305,17:32:00,17:32:00,12025,8,,,,41.093400,0
2496305,17:42:00,17:42:00,12026,9,,,,48.336500,0
2496305,18:00:00,18:00:00,12006,10,,,,59.115800,0
2496308,08:00:00,08:00:00,11958,1,,,,0.000000,0
2496308,08:09:00,08:09:00,12017,2,,,,9.885200,0
2496308,08:11:00,08:11:00,12018,3,,,,11.429900,0
2496308,08:16:00,08:16:00,12019,4,,,,15.519800,0
2496308,08:22:00,08:22:00,12020,5,,,,21.934500,0
2496308,08:29:00,08:29:00,12021,6,,,,27.820400,0
2496308,08:35:00,08:35:00,12023,7,,,,32.964600,0
2496308,08:46:00,08:46:00,12025,8,,,,41.093400,0
2496308,09:08:00,09:08:00,12006,9,,,,59.115800,0
2566889,08:30:00,08:30:00,11976,0,,,,0,1
2566889,08:38:00,08:38:00,11977,1,,,,9.63,1
2566889,08:48:00,08:48:00,11978,2,,,,25.24,1
2566889,09:00:00,09:00:00,11979,3,,,,39.6,1
2566889,09:15:00,09:15:00,11980,4,,,,58.34,1
2566889,09:22:00,09:22:00,11981,5,,,,62.68,1
2566889,09:28:00,09:28:00,11982,6,,,,69.95,1
2566889,09:35:00,09:35:00,11984,7,,,,75.19,1
2566889,09:42:00,09:42:00,11985,8,,,,87.07,1
2566889,09:48:00,09:48:00,11986,9,,,,95.99,1
2566889,09:56:00,09:56:00,11988,10,,,,108.79,1
2566889,10:13:00,10:13:00,11958,11,,,,122.78,1
2566892,05:35:00,05:35:00,11980,1,,,,0.000000,0
2566892,05:43:00,05:43:00,11981,2,,,,4.344100,0
2566892,05:50:00,05:50:00,11982,3,,,,11.613600,0
2566892,05:57:00,05:57:00,11984,4,,,,16.848100,0
2566892,06:04:00,06:04:00,11985,5,,,,28.732400,0
2566892,06:11:00,06:11:00,11986,6,,,,37.646900,0
2566892,06:17:00,06:17:00,11987,7,,,,46.441000,0
2566892,06:23:00,06:23:00,11988,8,,,,50.446900,0
2566892,06:38:00,06:38:00,11958,9,,,,64.435500,0
2566897,06:30:00,06:30:00,11976,1,,,,0.000000,0
2566897,06:38:00,06:38:00,11977,2,,,,9.632700,0
2566897,06:48:00,06:48:00,11978,3,,,,25.240100,0
2566897,07:00:00,07:00:00,11979,4,,,,39.597500,0
2566897,07:20:00,07:20:00,11980,5,,,,58.340200,0
2566897,07:28:00,07:28:00,11981,6,,,,62.684300,0
2566897,07:35:00,07:35:00,11982,7,,,,69.953800,0
2566897,07:42:00,07:42:00,11984,8,,,,75.188400,0
2566897,07:49:00,07:49:00,11985,9,,,,87.072600,0
2566897,07:55:00,07:55:00,11986,10,,,,95.987100,0
2566897,07:59:00,07:59:00,11987,11,,,,104.781200,0
2566897,08:03:00,08:03:00,11988,12,,,,108.787200,0
2566897,08:22:00,08:22:00,11958,13,,,,122.775700,0
2566901,10:28:00,10:28:00,11980,1,,,,0.000000,0
2566901,10:35:00,10:35:00,11981,2,,,,4.344100,0
2566901,10:41:00,10:41:00,11982,3,,,,11.613600,0
2566901,10:48:00,10:48:00,11984,4,,,,16.848100,0
2566901,10:55:00,10:55:00,11985,5,,,,28.732400,0
2566901,11:01:00,11:01:00,11986,6,,,,37.646900,0
2566901,11:07:00,11:07:00,11987,7,,,,46.441000,0
2566901,11:11:00,11:11:00,11988,8,,,,50.446900,0
2566901,11:28:00,11:28:00,11958,9,,,,64.435500,0
2566903,12:35:00,12:35:00,11980,1,,,,0.000000,0
2566903,12:42:00,12:42:00,11981,2,,,,4.344100,0
2566903,12:48:00,12:48:00,11982,3,,,,11.613600,0
2566903,12:55:00,12:55:00,11984,4,,,,16.848100,0
2566903,13:02:00,13:02:00,11985,5,,,,28.732400,0
2566903,13:08:00,13:08:00,11986,6,,,,37.646900,0
2566903,13:14:00,13:14:00,11987,7,,,,46.441000,0
2566903,13:18:00,13:18:00,11988,8,,,,50.446900,0
2566903,13:35:00,13:35:00,11958,9,,,,64.435500,0
2566905,14:35:00,14:35:00,11980,1,,,,0.000000,0
2566905,14:42:00,14:42:00,11981,2,,,,4.344100,0
2566905,14:48:00,14:48:00,11982,3,,,,11.613600,0
2566905,14:55:00,14:55:00,11984,4,,,,16.848100,0
2566905,15:02:00,15:02:00,11985,5,,,,28.732400,0
2566905,15:08:00,15:08:00,11986,6,,,,37.646900,0
2566905,15:14:00,15:14:00,11987,7,,,,46.441000,0
2566905,15:18:00,15:18:00,11988,8,,,,50.446900,0
2566905,15:35:00,15:35:00,11958,9,,,,64.435500,0
2566906,14:35:00,14:35:00,11976,1,,,,0.000000,0
2566906,14:42:00,14:42:00,11977,2,,,,9.632700,0
2566906,14:51:00,14:51:00,11978,3,,,,25.240100,0
2566906,15:02:00,15:02:00,11979,4,,,,39.597500,0
2566906,15:25:00,15:25:00,11980,5,,,,58.340200,0
2566906,15:39:00,15:39:00,11984,6,,,,75.188400,0
2566906,15:56:00,15:56:00,11988,7,,,,108.787200,0
2566906,16:11:00,16:11:00,11958,8,,,,122.775700,0
2566907,16:52:00,16:52:00,11980,1,,,,0.000000,0
2566907,17:06:00,17:06:00,11984,2,,,,16.848100,0
2566907,17:13:00,17:13:00,11985,3,,,,28.732400,0
2566907,17:19:00,17:19:00,11986,4,,,,37.646900,0
2566907,17:25:00,17:25:00,11987,5,,,,46.441000,0
2566907,17:29:00,17:29:00,11988,6,,,,50.446900,0
2566907,17:46:00,17:46:00,11958,7,,,,64.435500,0
2566909,21:35:00,21:35:00,11980,0,,,,0,1
2566909,21:42:00,21:42:00,11981,1,,,,4.38,1
2566909,21:48:00,21:48:00,11982,2,,,,11.65,1
2566909,21:55:00,21:55:00,11984,3,,,,16.89,1
2566909,22:02:00,22:02:00,11985,4,,,,28.77,1
2566909,22:08:00,22:08:00,11986,5,,,,37.68,1
2566909,22:14:00,22:14:00,11987,6,,,,46.48,1
2566909,22:18:00,22:18:00,11988,7,,,,50.48,1
2566909,22:35:00,22:35:00,11958,8,,,,64.47,1
2566910,18:35:00,18:35:00,11980,1,,,,0.000000,0
2566910,18:41:00,18:41:00,11981,2,,,,4.344100,0
2566910,18:46:00,18:46:00,11982,3,,,,11.613600,0
2566910,18:51:00,18:51:00,11984,4,,,,16.848100,0
2566910,18:58:00,18:58:00,11985,5,,,,28.732400,0
2566910,19:04:00,19:04:00,11986,6,,,,37.646900,0
2566910,19:10:00,19:10:00,11987,7,,,,46.441000,0
2566910,19:14:00,19:14:00,11988,8,,,,50.446900,0
2566910,19:25:00,19:25:00,11958,9,,,,64.435500,0
2566913,04:45:00,04:45:00,11980,1,,,,0.000000,0
2566913,04:52:00,04:52:00,11981,2,,,,4.344100,0
2566913,04:58:00,04:58:00,11982,3,,,,11.613600,0
2566913,05:05:00,05:05:00,11984,4,,,,16.848100,0
2566913,05:12:00,05:12:00,11985,5,,,,28.732400,0
2566913,05:18:00,05:18:00,11986,6,,,,37.646900,0
2566913,05:24:00,05:24:00,11987,7,,,,46.441000,0
2566913,05:28:00,05:28:00,11988,8,,,,50.446900,0
2566913,05:45:00,05:45:00,11958,9,,,,64.435500,0
2566922,09:15:00,09:15:00,11958,0,,,,0,1
2566922,09:26:00,09:26:00,11989,1,,,,13.99,1
2566922,09:30:00,09:30:00,11990,2,,,,17.99,1
2566922,09:36:00,09:36:00,11991,3,,,,26.78,1
2566922,09:42:00,09:42:00,11992,4,,,,35.7,1
2566922,09:49:00,09:49:00,11993,5,,,,47.59,1
2566922,09:55:00,09:55:00,11994,6,,,,52.82,1
2566922,10:01:00,10:01:00,11995,7,,,,60.09,1
2566922,10:15:00,10:15:00,12002,8,,,,64.44,1
2566919,06:10:00,06:10:00,11958,1,,,,0.000000,0
2566919,06:21:00,06:21:00,11989,2,,,,14.168700,0
2566919,06:25:00,06:25:00,11990,3,,,,17.994500,0
2566919,06:31:00,06:31:00,11991,4,,,,26.380900,0
2566919,06:37:00,06:37:00,11992,5,,,,35.692300,0
2566919,06:44:00,06:44:00,11993,6,,,,47.587700,0
2566919,06:54:00,06:54:00,11995,8,,,,60.091400,0
2566919,07:06:00,07:06:00,12002,9,,,,64.433700,0
2566919,07:18:00,07:18:00,12003,10,,,,83.178200,0
2566919,07:36:00,07:36:00,12004,11,,,,97.511500,0
2566919,07:44:00,07:44:00,12005,12,,,,113.109500,0
2566919,07:56:00,07:56:00,11976,13,,,,122.775700,0
2566923,10:15:00,10:15:00,11958,1,,,,0.000000,0
2566923,10:26:00,10:26:00,11989,2,,,,13.987800,0
2566923,10:30:00,10:30:00,11990,3,,,,17.994500,0
2566923,10:36:00,10:36:00,11991,4,,,,26.780000,0
2566923,10:42:00,10:42:00,11992,5,,,,35.703100,0
2566923,10:49:00,10:49:00,11993,6,,,,47.587700,0
2566923,10:55:00,10:55:00,11994,7,,,,52.821900,0
2566923,11:01:00,11:01:00,11995,8,,,,60.091400,0
2566923,11:15:00,11:15:00,12002,9,,,,64.435500,0
2566925,12:15:00,12:15:00,11958,1,,,,0.000000,0
2566925,12:26:00,12:26:00,11989,2,,,,13.987800,0
2566925,12:30:00,12:30:00,11990,3,,,,17.994500,0
2566925,12:36:00,12:36:00,11991,4,,,,26.780000,0
2566925,12:42:00,12:42:00,11992,5,,,,35.703100,0
2566925,12:49:00,12:49:00,11993,6,,,,47.587700,0
2566925,12:55:00,12:55:00,11994,7,,,,52.821900,0
2566925,13:01:00,13:01:00,11995,8,,,,60.091400,0
2566925,13:20:00,13:20:00,12002,9,,,,64.435500,0
2566925,13:32:00,13:32:00,12003,10,,,,83.178200,0
2566925,13:48:00,13:48:00,12004,11,,,,97.535700,0
2566925,13:57:00,13:57:00,12005,12,,,,113.144400,0
2566925,14:08:00,14:08:00,11976,13,,,,122.775700,0
2566927,14:15:00,14:15:00,11958,1,,,,0.000000,0
2566927,14:26:00,14:26:00,11989,2,,,,13.987800,0
2566927,14:30:00,14:30:00,11990,3,,,,17.994500,0
2566927,14:36:00,14:36:00,11991,4,,,,26.780000,0
2566927,14:42:00,14:42:00,11992,5,,,,35.703100,0
2566927,14:49:00,14:49:00,11993,6,,,,47.587700,0
2566927,14:55:00,14:55:00,11994,7,,,,52.821900,0
2566927,15:01:00,15:01:00,11995,8,,,,60.091400,0
2566927,15:15:00,15:15:00,12002,9,,,,64.435500,0
2566928,15:15:00,15:15:00,11958,1,,,,0.000000,0
2566928,15:28:00,15:28:00,11989,2,,,,13.987800,0
2566928,15:32:00,15:32:00,11990,3,,,,17.994500,0
2566928,15:39:00,15:39:00,11991,4,,,,26.780000,0
2566928,15:47:00,15:47:00,11992,5,,,,35.703100,0
2566928,15:58:00,15:58:00,11993,6,,,,47.587700,0
2566928,16:04:00,16:04:00,11994,7,,,,52.821900,0
2566928,16:11:00,16:11:00,11995,8,,,,60.091400,0
2566928,16:24:00,16:24:00,12002,9,,,,64.435500,0
2566930,16:17:00,16:17:00,11958,1,,,,0.000000,0
2566930,16:29:00,16:29:00,11989,2,,,,13.987800,0
2566930,16:33:00,16:33:00,11990,3,,,,17.994500,0
2566930,16:40:00,16:40:00,11991,4,,,,26.780000,0
2566930,16:48:00,16:48:00,11992,5,,,,35.703100,0
2566930,16:58:00,16:58:00,11993,6,,,,47.587700,0
2566930,17:04:00,17:04:00,11994,7,,,,52.821900,0
2566930,17:11:00,17:11:00,11995,8,,,,60.091400,0
2566930,17:23:00,17:23:00,12002,9,,,,64.435500,0
2566930,17:34:00,17:34:00,12003,10,,,,83.178200,0
2566930,17:46:00,17:46:00,12004,11,,,,97.535700,0
2566930,17:56:00,17:56:00,12005,12,,,,113.144400,0
2566930,18:07:00,18:07:00,11976,13,,,,122.775700,0
2566932,18:23:00,18:23:00,11958,1,,,,0.000000,0
2566932,18:35:00,18:35:00,11989,2,,,,13.987800,0
2566932,18:39:00,18:39:00,11990,3,,,,17.994500,0
2566932,18:45:00,18:45:00,11991,4,,,,26.780000,0
2566932,18:51:00,18:51:00,11992,5,,,,35.703100,0
2566932,18:58:00,18:58:00,11993,6,,,,47.587700,0
2566932,19:04:00,19:04:00,11994,7,,,,52.821900,0
2566932,19:10:00,19:10:00,11995,8,,,,60.091400,0
2566932,19:24:00,19:24:00,12002,9,,,,64.435500,0
2566932,19:36:00,19:36:00,12003,10,,,,83.178200,0
2566932,19:49:00,19:49:00,12004,11,,,,97.535700,0
2566932,19:57:00,19:57:00,12005,12,,,,113.144400,0
2566932,20:09:00,20:09:00,11976,13,,,,122.775700,0
2566934,20:00:00,20:00:00,11958,1,,,,0.000000,0
2566934,20:11:00,20:11:00,11989,2,,,,13.987800,0
2566934,20:15:00,20:15:00,11990,3,,,,17.994500,0
2566934,20:21:00,20:21:00,11991,4,,,,26.780000,0
2566934,20:27:00,20:27:00,11992,5,,,,35.703100,0
2566934,20:36:00,20:36:00,11993,6,,,,47.587700,0
2566934,20:42:00,20:42:00,11994,7,,,,52.821900,0
2566934,20:48:00,20:48:00,11995,8,,,,60.091400,0
2566934,21:00:00,21:00:00,12002,9,,,,64.435500,0
2566935,22:55:00,22:55:00,11958,1,,,,0.000000,0
2566935,23:06:00,23:06:00,11989,2,,,,13.987800,0
2566935,23:10:00,23:10:00,11990,3,,,,17.994500,0
2566935,23:16:00,23:16:00,11991,4,,,,26.780000,0
2566935,23:22:00,23:22:00,11992,5,,,,35.703100,0
2566935,23:29:00,23:29:00,11993,6,,,,47.587700,0
2566935,23:35:00,23:35:00,11994,7,,,,52.821900,0
2566935,23:41:00,23:41:00,11995,8,,,,60.091400,0
2566935,23:55:00,23:55:00,12002,9,,,,64.435500,0
2566938,08:20:00,08:20:00,11958,1,,,,0.000000,0
2566938,08:31:00,08:31:00,11989,2,,,,13.987800,0
2566938,08:35:00,08:35:00,11990,3,,,,17.994500,0
2566938,08:41:00,08:41:00,11991,4,,,,26.780000,0
2566938,08:47:00,08:47:00,11992,5,,,,35.703100,0
2566938,08:54:00,08:54:00,11993,6,,,,47.587700,0
2566938,09:00:00,09:00:00,11994,7,,,,52.821900,0
2566938,09:06:00,09:06:00,11995,8,,,,60.091400,0
2566938,09:18:00,09:18:00,12002,9,,,,64.435500,0
2566938,09:39:00,09:39:00,12003,10,,,,82.763900,0
2566939,07:10:00,07:10:00,11958,1,,,,0.000000,0
2566939,07:21:00,07:21:00,11989,2,,,,13.987800,0
2566939,07:25:00,07:25:00,11990,3,,,,17.994500,0
2566939,07:31:00,07:31:00,11991,4,,,,26.780000,0
2566939,07:37:00,07:37:00,11992,5,,,,35.703100,0
2566939,07:47:00,07:47:00,11993,6,,,,47.587700,0
2566939,07:53:00,07:53:00,11994,7,,,,52.821900,0
2566939,07:59:00,07:59:00,11995,8,,,,60.091400,0
2566939,08:13:00,08:13:00,12002,9,,,,64.435500,0
2566942,17:10:00,17:10:00,11958,1,,,,0.000000,0
2566942,17:21:00,17:21:00,11989,2,,,,13.987800,0
2566942,17:35:00,17:35:00,11992,5,,,,35.703100,0
2566942,17:43:00,17:43:00,11993,6,,,,47.587700,0
2566942,17:48:00,17:48:00,11994,7,,,,52.821900,0
2566942,18:02:00,18:02:00,12002,9,,,,64.435500,0
2566942,18:13:00,18:13:00,12003,10,,,,83.178200,0
2566942,18:25:00,18:25:00,12004,11,,,,97.535700,0
2566942,18:35:00,18:35:00,12005,12,,,,113.144400,0
2566942,18:46:00,18:46:00,11976,13,,,,122.775700,0
2566946,07:10:00,07:10:00,11979,1,,,,0.000000,0
2566946,07:35:00,07:35:00,11980,2,,,,18.328500,0
2566946,07:42:00,07:42:00,11981,3,,,,22.672600,0
2566946,07:48:00,07:48:00,11982,4,,,,29.942000,0
2566946,07:55:00,07:55:00,11984,5,,,,35.176600,0
2566946,08:02:00,08:02:00,11985,6,,,,47.060800,0
2566946,08:08:00,08:08:00,11986,7,,,,55.975300,0
2566946,08:16:00,08:16:00,11988,8,,,,68.775400,0
2566946,08:35:00,08:35:00,11958,9,,,,82.763900,0
2566948,10:55:00,10:55:00,11980,1,,,,0.000000,0
2566948,11:02:00,11:02:00,11981,2,,,,4.344100,0
2566948,11:08:00,11:08:00,11982,3,,,,11.613600,0
2566948,11:15:00,11:15:00,11984,4,,,,16.848100,0
2566948,11:22:00,11:22:00,11985,5,,,,28.732400,0
2566948,11:28:00,11:28:00,11986,6,,,,37.646900,0
2566948,11:36:00,11:36:00,11988,7,,,,50.446900,0
2566948,11:55:00,11:55:00,11958,8,,,,64.435500,0
2566949,14:00:00,14:00:00,11980,1,,,,0.000000,0
2566949,14:07:00,14:07:00,11981,2,,,,4.344100,0
2566949,14:13:00,14:13:00,11982,3,,,,11.613600,0
2566949,14:20:00,14:20:00,11984,4,,,,16.848100,0
2566949,14:27:00,14:27:00,11985,5,,,,28.732400,0
2566949,14:33:00,14:33:00,11986,6,,,,37.646900,0
2566949,14:41:00,14:41:00,11988,7,,,,50.446900,0
2566949,15:00:00,15:00:00,11958,8,,,,64.435500,0
2566954,21:15:00,21:15:00,11980,1,,,,0.000000,0
2566954,21:22:00,21:22:00,11981,2,,,,4.344100,0
2566954,21:28:00,21:28:00,11982,3,,,,11.613600,0
2566954,21:35:00,21:35:00,11984,4,,,,16.848100,0
2566954,21:42:00,21:42:00,11985,5,,,,28.732400,0
2566954,21:48:00,21:48:00,11986,6,,,,37.646900,0
2566954,21:56:00,21:56:00,11988,7,,,,50.446900,0
2566954,22:15:00,22:15:00,11958,8,,,,64.435500,0
2566955,08:55:00,08:55:00,11958,1,,,,0.000000,0
2566955,09:06:00,09:06:00,11989,2,,,,13.987800,0
2566955,09:14:00,09:14:00,11991,3,,,,26.780000,0
2566955,09:20:00,09:20:00,11992,4,,,,35.703100,0
2566955,09:28:00,09:28:00,11993,5,,,,47.587700,0
2566955,09:34:00,09:34:00,11994,6,,,,52.821900,0
2566955,09:40:00,09:40:00,11995,7,,,,60.091400,0
2566955,09:55:00,09:55:00,12002,8,,,,64.435500,0
2566957,12:16:00,12:16:00,11958,1,,,,0.000000,0
2566957,12:28:00,12:28:00,11989,2,,,,13.987800,0
2566957,12:36:00,12:36:00,11991,3,,,,26.780000,0
2566957,12:42:00,12:42:00,11992,4,,,,35.703100,0
2566957,12:50:00,12:50:00,11993,5,,,,47.587700,0
2566957,12:56:00,12:56:00,11994,6,,,,52.821900,0
2566957,13:02:00,13:02:00,11995,7,,,,60.091400,0
2566957,13:21:00,13:21:00,12002,8,,,,64.435500,0
2566960,19:20:00,19:20:00,11958,1,,,,0.000000,0
2566960,19:31:00,19:31:00,11989,2,,,,13.987800,0
2566960,19:39:00,19:39:00,11991,3,,,,26.780000,0
2566960,19:45:00,19:45:00,11992,4,,,,35.703100,0
2566960,19:53:00,19:53:00,11993,5,,,,47.587700,0
2566960,19:59:00,19:59:00,11994,6,,,,52.821900,0
2566960,20:05:00,20:05:00,11995,7,,,,60.091400,0
2566960,20:25:00,20:25:00,12002,8,,,,64.435500,0
2566962,22:45:00,22:45:00,11958,1,,,,0.000000,0
2566962,22:56:00,22:56:00,11989,2,,,,13.987800,0
2566962,23:04:00,23:04:00,11991,3,,,,26.780000,0
2566962,23:10:00,23:10:00,11992,4,,,,35.703100,0
2566962,23:18:00,23:18:00,11993,5,,,,47.587700,0
2566962,23:24:00,23:24:00,11994,6,,,,52.821900,0
2566962,23:30:00,23:30:00,11995,7,,,,60.091400,0
2566962,23:45:00,23:45:00,12002,8,,,,64.435500,0
2566962,24:11:00,24:11:00,12003,9,,,,82.763900,0
2566963,15:20:00,15:20:00,11958,1,,,,0.000000,0
2566963,15:31:00,15:31:00,11989,2,,,,13.987800,0
2566963,15:39:00,15:39:00,11991,3,,,,26.780000,0
2566963,15:45:00,15:45:00,11992,4,,,,35.703100,0
2566963,15:53:00,15:53:00,11993,5,,,,47.587700,0
2566963,15:59:00,15:59:00,11994,6,,,,52.821900,0
2566963,16:05:00,16:05:00,11995,7,,,,60.091400,0
2566963,16:25:00,16:25:00,12002,8,,,,64.435500,0
2566963,16:51:00,16:51:00,12003,9,,,,82.763900,0
2566964,08:30:00,08:30:00,11979,1,,,,0.000000,0
2566964,08:55:00,08:55:00,11980,2,,,,18.328500,0
2566964,09:02:00,09:02:00,11981,3,,,,22.672600,0
2566964,09:08:00,09:08:00,11982,4,,,,29.942000,0
2566964,09:15:00,09:15:00,11984,5,,,,35.176600,0
2566964,09:22:00,09:22:00,11985,6,,,,47.060800,0
2566964,09:28:00,09:28:00,11986,7,,,,55.975300,0
2566964,09:36:00,09:36:00,11988,8,,,,68.775400,0
2566964,09:55:00,09:55:00,11958,9,,,,82.763900,0
2566966,12:40:00,12:40:00,11980,1,,,,0.000000,0
2566966,12:47:00,12:47:00,11981,2,,,,4.344100,0
2566966,12:53:00,12:53:00,11982,3,,,,11.613600,0
2566966,13:00:00,13:00:00,11984,4,,,,16.848100,0
2566966,13:07:00,13:07:00,11985,5,,,,28.732400,0
2566966,13:13:00,13:13:00,11986,6,,,,37.646900,0
2566966,13:21:00,13:21:00,11988,7,,,,50.446900,0
2566966,13:40:00,13:40:00,11958,8,,,,64.435500,0
2566970,10:15:00,10:15:00,11958,1,,,,0.000000,0
2566970,10:26:00,10:26:00,11989,2,,,,13.987800,0
2566970,10:34:00,10:34:00,11991,3,,,,26.780000,0
2566970,10:40:00,10:40:00,11992,4,,,,35.703100,0
2566970,10:48:00,10:48:00,11993,5,,,,47.587700,0
2566970,10:53:00,10:53:00,11994,6,,,,52.821900,0
2566970,10:59:00,10:59:00,11995,7,,,,60.091400,0
2566970,11:18:00,11:18:00,12002,8,,,,64.435500,0
2566972,14:15:00,14:15:00,11958,1,,,,0.000000,0
2566972,14:26:00,14:26:00,11989,2,,,,13.987800,0
2566972,14:34:00,14:34:00,11991,3,,,,26.780000,0
2566972,14:40:00,14:40:00,11992,4,,,,35.703100,0
2566972,14:48:00,14:48:00,11993,5,,,,47.587700,0
2566972,14:54:00,14:54:00,11994,6,,,,52.821900,0
2566972,15:00:00,15:00:00,11995,7,,,,60.091400,0
2566972,15:20:00,15:20:00,12002,8,,,,64.435500,0
2566974,19:20:00,19:20:00,11958,1,,,,0.000000,0
2566974,19:31:00,19:31:00,11989,2,,,,13.987800,0
2566974,19:39:00,19:39:00,11991,3,,,,26.780000,0
2566974,19:45:00,19:45:00,11992,4,,,,35.703100,0
2566974,19:55:00,19:55:00,11993,5,,,,47.587700,0
2566974,20:01:00,20:01:00,11994,6,,,,52.821900,0
2566974,20:07:00,20:07:00,11995,7,,,,60.091400,0
2566974,20:27:00,20:27:00,12002,8,,,,64.435500,0
2566974,20:53:00,20:53:00,12003,9,,,,82.763900,0
2683925,16:00:00,16:00:00,11980,1,,0,0,0.001800,0
2683925,16:07:00,16:07:00,11981,2,,0,0,4.344100,0
2683925,16:13:00,16:13:00,11982,3,,0,0,11.760800,0
2683925,16:20:00,16:20:00,11984,4,,0,0,16.848100,0
2683925,16:27:00,16:27:00,11985,5,,0,0,28.743200,0
2683925,16:33:00,16:33:00,11986,6,,0,0,38.054600,0
2683925,16:41:00,16:41:00,11988,7,,0,0,50.266800,0
2683925,17:00:00,17:00:00,11958,8,,0,0,64.435500,0
