route_id,service_id,trip_id,trip_headsign,trip_short_name,direction_id,block_id,shape_id,wheelchair_accessible,bikes_allowed
4962,39435.102117,509530,,,,17352,39435,0,0
4962,39435.102117,509531,,,,17352,39435,0,0
4962,39435.102117,509532,,,,17352,39435,0,0
4962,39435.102117,509533,,,,17352,39435,0,0
4962,39435.102117,509534,,,,17352,39435,0,0
4962,39435.102117,509535,,,,17352,39435,0,0
4962,39435.102117,509536,,,,17352,39435,0,0
4962,39435.102117,509537,,,,17352,39435,0,0
4962,39435.102117,509538,,,,17352,39435,0,0
4962,39435.102117,509539,,,,17352,39435,0,0
4962,39435.102117,509540,,,,17352,39435,0,0
4962,39435.102117,509541,,,,17352,39435,0,0
4962,39435.102117,509542,,,,17352,39435,0,0
4962,39435.102117,509543,,,,17352,39435,0,0
4962,39435.102117,509544,,,,17352,39435,0,0
4962,39435.102117,509545,,,,17352,39435,0,0
4962,39435.102117,509546,,,,17352,39435,0,0
4962,39435.102117,509547,,,,17352,39435,0,0
4962,39435.102117,509548,,,,17352,39435,0,0
4962,39435.102117,509549,,,,17352,39435,0,0
4962,39435.102117,509550,,,,17352,39435,0,0
4962,39435.102118,509551,,,,17368,39435,0,0
4962,39435.102118,509552,,,,17368,39435,0,0
4962,39435.102118,509553,,,,17368,39435,0,0
4962,39435.102118,509554,,,,17368,39435,0,0
4962,39435.102118,509555,,,,17368,39435,0,0
4962,39435.102118,509556,,,,17368,39435,0,0
4962,39435.102118,509557,,,,17368,39435,0,0
4962,39435.102118,509558,,,,17368,39435,0,0
4962,39435.102118,509559,,,,17368,39435,0,0
4962,39435.102118,509560,,,,17368,39435,0,0
4962,39435.102118,509561,,,,17368,39435,0,0
4962,39435.102118,509562,,,,17368,39435,0,0
4962,39435.102118,509563,,,,17368,39435,0,0
4962,39435.102118,509564,,,,17368,39435,0,0
4962,39435.102118,509565,,,,17368,39435,0,0
4962,39435.102118,509566,,,,17368,39435,0,0
4962,39435.102118,509567,,,,17368,39435,0,0
4962,39435.102118,509568,,,,17368,39435,0,0
4962,39435.102121,509624,,,,17394,39435,0,0
4962,39435.102121,509625,,,,17394,39435,0,0
4962,39435.102121,509626,,,,17394,39435,0,0
4962,39435.102121,509627,,,,17394,39435,0,0
4962,39435.102121,509628,,,,17394,39435,0,0
4962,39435.102121,509629,,,,17394,39435,0,0
4962,39435.102121,509630,,,,17394,39435,0,0
4962,39435.102121,509631,,,,17394,39435,0,0
4962,39435.102121,509632,,,,17394,39435,0,0
4962,39435.102121,509633,,,,17394,39435,0,0
4962,39435.102121,509634,,,,17394,39435,0,0
4962,39435.102121,509635,,,,17394,39435,0,0
4962,39435.102121,509636,,,,17394,39435,0,0
4962,39435.102121,509637,,,,17394,39435,0,0
4962,39435.102121,509638,,,,17394,39435,0,0
4962,39435.102121,509639,,,,17394,39435,0,0
4962,39435.102121,509640,,,,17394,39435,0,0
4962,39435.102121,509641,,,,17394,39435,0,0
4962,39435.102121,509642,,,,17394,39435,0,0
4962,39435.102121,509643,,,,17394,39435,0,0
4962,39435.102121,509644,,,,17394,39435,0,0
4962,39435.102121,509645,,,,17394,39435,0,0
4962,39435.102121,509646,,,,17394,39435,0,0
4962,39435.102121,509647,,,,17394,39435,0,0
4962,39435.102122,509648,,,,17400,39435,0,0
4962,39435.102122,509649,,,,17400,39435,0,0
4962,39435.102122,509650,,,,17400,39435,0,0
4962,39435.102122,509651,,,,17400,39435,0,0
4962,39435.102122,509652,,,,17400,39435,0,0
4962,39435.102122,509653,,,,17400,39435,0,0
4962,39435.102122,509654,,,,17400,39435,0,0
4962,39435.102122,509655,,,,17400,39435,0,0
4962,39435.102122,509656,,,,17400,39435,0,0
4962,39435.102122,509657,,,,17400,39435,0,0
4962,39435.102122,509658,,,,17400,39435,0,0
4962,39435.102122,509659,,,,17400,39435,0,0
4962,39435.102122,509660,,,,17400,39435,0,0
4962,39435.102122,509661,,,,17400,39435,0,0
4962,39435.102122,509662,,,,17400,39435,0,0
4962,39435.102122,509663,,,,17400,39435,0,0
4962,39435.102122,509664,,,,17400,39435,0,0
4962,39435.102122,509665,,,,17400,39435,0,0
4962,39435.102121,509666,,,,17396,39435,0,0
4962,39435.102121,509667,,,,17396,39435,0,0
4962,39435.102121,509668,,,,17396,39435,0,0
4962,39435.102121,509669,,,,17396,39435,0,0
4962,39435.102121,509670,,,,17396,39435,0,0
4962,39435.102121,509671,,,,17396,39435,0,0
4962,39435.102121,509672,,,,17396,39435,0,0
4962,39435.102121,509673,,,,17396,39435,0,0
4962,39435.102121,509674,,,,17396,39435,0,0
4962,39435.102121,509675,,,,17396,39435,0,0
4962,39435.102121,509676,,,,17396,39435,0,0
4962,39435.102121,509677,,,,17396,39435,0,0
4962,39435.102121,509678,,,,17396,39435,0,0
4962,39435.102121,509679,,,,17396,39435,0,0
4962,39435.102121,509680,,,,17396,39435,0,0
4962,39435.102121,509681,,,,17396,39435,0,0
4962,39435.102121,509682,,,,17396,39435,0,0
4962,39435.102121,509683,,,,17396,39435,0,0
4962,39435.102121,509684,,,,17396,39435,0,0
4962,39435.102121,509685,,,,17396,39435,0,0
4962,39435.102121,509686,,,,17396,39435,0,0
4962,39435.102121,509687,,,,17396,39435,0,0
4962,39435.102121,509688,,,,17396,39435,0,0
4962,39435.102122,509689,,,,17398,39435,0,0
4962,39435.102122,509690,,,,17398,39435,0,0
4962,39435.102122,509691,,,,17398,39435,0,0
4962,39435.102122,509692,,,,17398,39435,0,0
4962,39435.102122,509693,,,,17398,39435,0,0
4962,39435.102122,509694,,,,17398,39435,0,0
4962,39435.102122,509695,,,,17398,39435,0,0
4962,39435.102122,509696,,,,17398,39435,0,0
4962,39435.102122,509697,,,,17398,39435,0,0
4962,39435.102122,509698,,,,17398,39435,0,0
4962,39435.102122,509699,,,,17398,39435,0,0
4962,39435.102122,509700,,,,17398,39435,0,0
4962,39435.102122,509701,,,,17398,39435,0,0
4962,39435.102122,509702,,,,17398,39435,0,0
4962,39435.102122,509703,,,,17398,39435,0,0
4962,39435.102122,509704,,,,17398,39435,0,0
4962,39435.102122,509705,,,,17398,39435,0,0
6139,39435.102117,676567,,,,27624,49011,0,0
6139,39435.102117,678746,,,,27624,49011,0,0
6139,39435.102117,678747,,,,27624,49011,0,0
6139,39435.102117,678748,,,,27624,49011,0,0
6139,39435.102117,678749,,,,27624,49011,0,0
6139,39435.102117,678750,,,,27624,49011,0,0
6139,39435.102117,678751,,,,27624,49011,0,0
6139,39435.102117,678752,,,,27624,49011,0,0
6139,39435.102117,678753,,,,27624,49011,0,0
6139,39435.102117,678754,,,,27624,49011,0,0
6139,39435.102117,678755,,,,27624,49011,0,0
6139,39435.102117,678756,,,,27624,49011,0,0
6139,39435.102117,678757,,,,27624,49011,0,0
6139,39435.102117,678901,,,,27625,49011,0,0
6139,39435.102117,678902,,,,27625,49011,0,0
6139,39435.102117,678903,,,,27625,49011,0,0
6139,39435.102117,678904,,,,27625,49011,0,0
6139,39435.102117,678905,,,,27625,49011,0,0
6139,39435.102117,678906,,,,27625,49011,0,0
6139,39435.102117,678907,,,,27625,49011,0,0
6139,39435.102117,678908,,,,27625,49011,0,0
6139,39435.102117,678909,,,,27625,49011,0,0
6139,39435.102117,678910,,,,27625,49011,0,0
6139,39435.102117,678911,,,,27625,49011,0,0
6139,39435.102117,678912,,,,27625,49011,0,0
6139,39435.102117,679350,,,,27625,49011,0,0
6139,39435.102117,679351,,,,27625,49011,0,0
6139,39435.102117,679353,,,,27626,49011,0,0
6139,39435.102117,679354,,,,27626,49011,0,0
6139,39435.102117,679355,,,,27626,49011,0,0
6139,39435.102117,679356,,,,27626,49011,0,0
6139,39435.102117,679357,,,,27626,49011,0,0
6139,39435.102117,679358,,,,27626,49011,0,0
6139,39435.102117,679359,,,,27626,49011,0,0
6139,39435.102117,679360,,,,27626,49011,0,0
6139,39435.102117,679361,,,,27626,49011,0,0
6139,39435.102117,679362,,,,27626,49011,0,0
6139,39435.102117,679363,,,,27626,49011,0,0
6139,39435.102117,679364,,,,27626,49011,0,0
6139,39435.102117,679365,,,,27626,49011,0,0
6139,39435,679366,,,,27630,49011,0,0
6139,39435,679367,,,,27630,49011,0,0
6139,39435,679368,,,,27630,49011,0,0
6139,39435,679369,,,,27630,49011,0,0
6139,39435,679370,,,,27630,49011,0,0
6139,39435,679371,,,,27630,49011,0,0
6139,39435,679372,,,,27630,49011,0,0
6139,39435,679373,,,,27630,49011,0,0
6139,39435,679374,,,,27630,49011,0,0
6139,39435,679375,,,,27630,49011,0,0
6139,39435,679376,,,,27630,49011,0,0
6139,39435,679377,,,,27630,49011,0,0
6139,39435,679378,,,,27630,49011,0,0
6139,39435,679379,,,,27630,49011,0,0
6139,39435,679380,,,,27630,49011,0,0
6139,39435,679381,,,,27630,49011,0,0
6139,39435,679382,,,,27631,49011,0,0
6139,39435,679383,,,,27631,49011,0,0
6139,39435,679384,,,,27631,49011,0,0
6139,39435,679385,,,,27631,49011,0,0
6139,39435,679386,,,,27631,49011,0,0
6139,39435,679387,,,,27631,49011,0,0
6139,39435,679388,,,,27631,49011,0,0
6139,39435,679389,,,,27631,49011,0,0
6139,39435,679390,,,,27631,49011,0,0
6139,39435,679391,,,,27631,49011,0,0
6139,39435,679392,,,,27631,49011,0,0
6139,39435,679393,,,,27631,49011,0,0
6139,39435,679394,,,,27631,49011,0,0
6139,39435,679395,,,,27631,49011,0,0
6139,39435,679396,,,,27631,49011,0,0
6139,39435,679397,,,,27631,49011,0,0
6139,39435.102121,679398,,,,27632,49011,0,0
6139,39435.102121,679399,,,,27632,49011,0,0
6139,39435.102121,679400,,,,27632,49011,0,0
6139,39435.102121,679401,,,,27632,49011,0,0
6139,39435.102121,679402,,,,27632,49011,0,0
6139,39435.102121,679403,,,,27632,49011,0,0
6139,39435.102121,679404,,,,27632,49011,0,0
6139,39435.102121,679405,,,,27632,49011,0,0
6139,39435.102121,679406,,,,27632,49011,0,0
6139,39435.102121,679407,,,,27632,49011,0,0
6139,39435.102121,679408,,,,27632,49011,0,0
6139,39435.102121,679409,,,,27632,49011,0,0
6139,39435.102121,679410,,,,27632,49011,0,0
6139,39435.102121,679411,,,,27632,49011,0,0
6139,39435.102121,679412,,,,27632,49011,0,0
6139,39435.102121,679413,,,,27632,49011,0,0
6139,39435,679414,,,,27633,49011,0,0
6139,39435,679415,,,,27633,49011,0,0
6139,39435,679416,,,,27633,49011,0,0
6139,39435,679417,,,,27633,49011,0,0
6139,39435,679418,,,,27633,49011,0,0
6139,39435,679419,,,,27633,49011,0,0
6139,39435,679420,,,,27633,49011,0,0
6139,39435,679421,,,,27633,49011,0,0
6139,39435,679422,,,,27633,49011,0,0
6139,39435,679423,,,,27633,49011,0,0
6139,39435,679424,,,,27633,49011,0,0
6139,39435,679430,,,,27634,49011,0,0
6139,39435,679431,,,,27634,49011,0,0
6139,39435,679432,,,,27634,49011,0,0
6139,39435,679433,,,,27634,49011,0,0
6139,39435,679434,,,,27634,49011,0,0
6139,39435,679435,,,,27634,49011,0,0
6139,39435,679436,,,,27634,49011,0,0
6139,39435,679437,,,,27634,49011,0,0
6139,39435,679438,,,,27634,49011,0,0
6139,39435,679439,,,,27634,49011,0,0
6139,39435,679440,,,,27634,49011,0,0
6139,39435,679441,,,,27634,49011,0,0
6139,39435.102122,680271,,,,27635,49011,0,0
6139,39435.102122,680272,,,,27635,49011,0,0
6139,39435.102122,680273,,,,27635,49011,0,0
6139,39435.102122,680274,,,,27635,49011,0,0
6139,39435.102122,680275,,,,27635,49011,0,0
6139,39435.102122,680276,,,,27635,49011,0,0
6139,39435.102122,680277,,,,27635,49011,0,0
6139,39435.102122,680278,,,,27635,49011,0,0
6139,39435.102122,680279,,,,27635,49011,0,0
6139,39435.102122,680280,,,,27635,49011,0,0
6139,39435.102122,680281,,,,27635,49011,0,0
6139,39435.102122,680282,,,,27635,49011,0,0
6139,39435,680287,,,,27627,49011,0,0
6139,39435,680288,,,,27627,49011,0,0
6139,39435,680289,,,,27627,49011,0,0
6139,39435,680290,,,,27627,49011,0,0
6139,39435,680291,,,,27627,49011,0,0
6139,39435,680292,,,,27627,49011,0,0
6139,39435,680293,,,,27627,49011,0,0
6139,39435,680294,,,,27627,49011,0,0
6139,39435,680295,,,,27627,49011,0,0
6139,39435,680296,,,,27627,49011,0,0
6139,39435,680297,,,,27627,49011,0,0
6139,39435,680298,,,,27627,49011,0,0
6139,39435,680299,,,,27627,49011,0,0
6139,39435,680300,,,,27627,49011,0,0
6139,39435,680301,,,,27627,49011,0,0
6139,39435,680302,,,,27627,49011,0,0
6139,39435,680303,,,,27627,49011,0,0
6139,39435,680304,,,,27628,49011,0,0
6139,39435,680305,,,,27628,49011,0,0
6139,39435,680306,,,,27628,49011,0,0
6139,39435,680307,,,,27628,49011,0,0
6139,39435,680308,,,,27628,49011,0,0
6139,39435,680309,,,,27628,49011,0,0
6139,39435,680310,,,,27628,49011,0,0
6139,39435,680311,,,,27628,49011,0,0
6139,39435,680312,,,,27628,49011,0,0
6139,39435,680313,,,,27628,49011,0,0
6139,39435,680314,,,,27628,49011,0,0
6139,39435,680315,,,,27628,49011,0,0
6139,39435,680316,,,,27628,49011,0,0
6139,39435,680317,,,,27628,49011,0,0
6139,39435,680318,,,,27628,49011,0,0
6139,39435,680319,,,,27628,49011,0,0
6139,39435,680320,,,,27628,49011,0,0
6139,39435,680321,,,,27628,49011,0,0
6139,39435.102118,680322,,,,27629,49011,0,0
6139,39435.102118,680323,,,,27629,49011,0,0
6139,39435.102118,680324,,,,27629,49011,0,0
6139,39435.102118,680325,,,,27629,49011,0,0
6139,39435.102118,680326,,,,27629,49011,0,0
6139,39435.102118,680327,,,,27629,49011,0,0
6139,39435.102118,680328,,,,27629,49011,0,0
6139,39435.102118,680329,,,,27629,49011,0,0
6139,39435.102118,680330,,,,27629,49011,0,0
6139,39435.102118,680331,,,,27629,49011,0,0
6139,39435.102118,680332,,,,27629,49011,0,0
6139,39435.102118,680333,,,,27629,49011,0,0
6139,39435.102118,680334,,,,27629,49011,0,0
6139,39435.102118,680335,,,,27629,49011,0,0
6139,39435.102118,680336,,,,27629,49011,0,0
6139,39435.102118,680337,,,,27629,49011,0,0
6139,39435.102118,680338,,,,27629,49011,0,0
6139,39435.102118,680339,,,,27629,49011,0,0
4963,39435.102117,509711,,,,17355,39436,0,0
4963,39435.102117,509712,,,,17355,39436,0,0
4963,39435.102117,509713,,,,17355,39436,0,0
4963,39435.102117,509714,,,,17355,39436,0,0
4963,39435.102117,509715,,,,17355,39436,0,0
4963,39435.102117,509716,,,,17355,39436,0,0
4963,39435.102117,509717,,,,17355,39436,0,0
4963,39435.102117,509718,,,,17355,39436,0,0
4963,39435.102117,509719,,,,17355,39436,0,0
4963,39435.102117,509720,,,,17355,39436,0,0
4963,39435.102117,509721,,,,17355,39436,0,0
4963,39435.102117,509722,,,,17355,39436,0,0
4963,39435.102117,509723,,,,17355,39436,0,0
4963,39435.102117,509724,,,,17355,39436,0,0
4963,39435.102118,509725,,,,17371,39436,0,0
4963,39435.102118,509726,,,,17371,39436,0,0
4963,39435.102118,509727,,,,17371,39436,0,0
4963,39435.102118,509728,,,,17371,39436,0,0
4963,39435.102118,509729,,,,17371,39436,0,0
4963,39435.102118,509730,,,,17371,39436,0,0
4963,39435.102118,509731,,,,17371,39436,0,0
4963,39435.102118,509732,,,,17371,39436,0,0
4963,39435.102118,509733,,,,17371,39436,0,0
4963,39435.102118,509734,,,,17371,39436,0,0
4963,39435.102118,509735,,,,17371,39436,0,0
4963,39435.102118,509736,,,,17371,39436,0,0
4963,39435.102118,509737,,,,17371,39436,0,0
4963,39435.102118,509738,,,,17371,39436,0,0
4963,39435.102118,509739,,,,17371,39436,0,0
4963,39435.102118,509740,,,,17371,39436,0,0
4963,39435.102118,509741,,,,17371,39436,0,0
4963,39435.102118,509742,,,,17371,39436,0,0
4963,39435.102117,509743,,,,17354,39436,0,0
4963,39435.102117,509744,,,,17354,39436,0,0
4963,39435.102117,509745,,,,17354,39436,0,0
4963,39435.102117,509746,,,,17354,39436,0,0
4963,39435.102117,509747,,,,17354,39436,0,0
4963,39435.102117,509748,,,,17354,39436,0,0
4963,39435.102117,509749,,,,17354,39436,0,0
4963,39435.102117,509750,,,,17354,39436,0,0
4963,39435.102117,509751,,,,17354,39436,0,0
4963,39435.102117,509752,,,,17354,39436,0,0
4963,39435.102117,509753,,,,17354,39436,0,0
4963,39435.102117,509754,,,,17354,39436,0,0
4963,39435.102117,509755,,,,17354,39436,0,0
4963,39435.102117,509756,,,,17354,39436,0,0
4963,39435.102118,509757,,,,17370,39436,0,0
4963,39435.102118,509758,,,,17370,39436,0,0
4963,39435.102118,509759,,,,17370,39436,0,0
4963,39435.102118,509760,,,,17370,39436,0,0
4963,39435.102118,509761,,,,17370,39436,0,0
4963,39435.102118,509762,,,,17370,39436,0,0
4963,39435.102118,509763,,,,17370,39436,0,0
4963,39435.102118,509764,,,,17370,39436,0,0
4963,39435.102118,509765,,,,17370,39436,0,0
4963,39435.102118,509766,,,,17370,39436,0,0
4963,39435.102118,509767,,,,17370,39436,0,0
4963,39435.102118,509768,,,,17370,39436,0,0
4963,39435.102118,509769,,,,17370,39436,0,0
4963,39435.102118,509770,,,,17370,39436,0,0
4963,39435.102118,509771,,,,17370,39436,0,0
4963,39435.102118,509772,,,,17370,39436,0,0
4963,39435.102118,509773,,,,17370,39436,0,0
4963,39435.102118,509774,,,,17370,39436,0,0
4963,39435.102117,509775,,,,17356,39436,0,0
4963,39435.102117,509776,,,,17356,39436,0,0
4963,39435.102117,509777,,,,17356,39436,0,0
4963,39435.102117,509778,,,,17356,39436,0,0
4963,39435.102117,509779,,,,17356,39436,0,0
4963,39435.102117,509780,,,,17356,39436,0,0
4963,39435.102117,509781,,,,17356,39436,0,0
4963,39435.102117,509782,,,,17356,39436,0,0
4963,39435.102117,509783,,,,17356,39436,0,0
4963,39435.102117,509784,,,,17356,39436,0,0
4963,39435.102117,509785,,,,17356,39436,0,0
4963,39435.102117,509786,,,,17356,39436,0,0
4963,39435.102117,509787,,,,17356,39436,0,0
4963,39435.102118,509789,,,,17372,39436,0,0
4963,39435.102118,509790,,,,17372,39436,0,0
4963,39435.102118,509791,,,,17372,39436,0,0
4963,39435.102118,509792,,,,17372,39436,0,0
4963,39435.102118,509793,,,,17372,39436,0,0
4963,39435.102118,509794,,,,17372,39436,0,0
4963,39435.102118,509795,,,,17372,39436,0,0
4963,39435.102118,509796,,,,17372,39436,0,0
4963,39435.102118,509797,,,,17372,39436,0,0
4963,39435.102118,509798,,,,17372,39436,0,0
4963,39435.102118,509799,,,,17372,39436,0,0
4963,39435.102118,509800,,,,17372,39436,0,0
4963,39435.102118,509801,,,,17372,39436,0,0
4963,39435.102118,509802,,,,17372,39436,0,0
4963,39435.102118,509803,,,,17372,39436,0,0
4963,39435.102118,509804,,,,17372,39436,0,0
4963,39435.102118,509805,,,,17372,39436,0,0
4963,39435.102121,509806,,,,17384,39436,0,0
4963,39435.102121,509807,,,,17384,39436,0,0
4963,39435.102121,509808,,,,17384,39436,0,0
4963,39435.102121,509809,,,,17384,39436,0,0
4963,39435.102121,509810,,,,17384,39436,0,0
4963,39435.102121,509811,,,,17384,39436,0,0
4963,39435.102121,509812,,,,17384,39436,0,0
4963,39435.102121,509813,,,,17384,39436,0,0
4963,39435.102121,509814,,,,17384,39436,0,0
4963,39435.102121,509815,,,,17384,39436,0,0
4963,39435.102121,509816,,,,17384,39436,0,0
4963,39435.102121,509817,,,,17384,39436,0,0
4963,39435.102121,509818,,,,17384,39436,0,0
4963,39435.102121,509819,,,,17384,39436,0,0
4963,39435.102121,509820,,,,17384,39436,0,0
4963,39435.102121,509821,,,,17384,39436,0,0
4963,39435.102121,509822,,,,17385,39436,0,0
4963,39435.102121,509823,,,,17385,39436,0,0
4963,39435.102121,509824,,,,17385,39436,0,0
4963,39435.102121,509825,,,,17385,39436,0,0
4963,39435.102121,509826,,,,17385,39436,0,0
4963,39435.102121,509827,,,,17385,39436,0,0
4963,39435.102121,509828,,,,17385,39436,0,0
4963,39435.102121,509829,,,,17385,39436,0,0
4963,39435.102121,509830,,,,17385,39436,0,0
4963,39435.102121,509831,,,,17385,39436,0,0
4963,39435.102121,509832,,,,17385,39436,0,0
4963,39435.102121,509833,,,,17385,39436,0,0
4963,39435.102121,509834,,,,17385,39436,0,0
4963,39435.102121,509835,,,,17385,39436,0,0
4963,39435.102121,509836,,,,17385,39436,0,0
4963,39435.102121,509837,,,,17385,39436,0,0
4963,39435.102122,509838,,,,17389,39436,0,0
4963,39435.102122,509839,,,,17389,39436,0,0
4963,39435.102122,509840,,,,17389,39436,0,0
4963,39435.102122,509841,,,,17389,39436,0,0
4963,39435.102122,509842,,,,17389,39436,0,0
4963,39435.102122,509843,,,,17389,39436,0,0
4963,39435.102122,509844,,,,17389,39436,0,0
4963,39435.102122,509845,,,,17389,39436,0,0
4963,39435.102122,509846,,,,17389,39436,0,0
4963,39435.102122,509847,,,,17389,39436,0,0
4963,39435.102122,509848,,,,17389,39436,0,0
4963,39435.102122,509849,,,,17389,39436,0,0
4963,39435.102122,509850,,,,17390,39436,0,0
4963,39435.102122,509851,,,,17390,39436,0,0
4963,39435.102122,509852,,,,17390,39436,0,0
4963,39435.102122,509853,,,,17390,39436,0,0
4963,39435.102122,509854,,,,17390,39436,0,0
4963,39435.102122,509855,,,,17390,39436,0,0
4963,39435.102122,509856,,,,17390,39436,0,0
4963,39435.102122,509857,,,,17390,39436,0,0
4963,39435.102122,509858,,,,17390,39436,0,0
4963,39435.102122,509859,,,,17390,39436,0,0
4963,39435.102122,509860,,,,17390,39436,0,0
4963,39435.102122,509861,,,,17390,39436,0,0
4963,39435.102121,509862,,,,17386,39436,0,0
4963,39435.102121,509863,,,,17386,39436,0,0
4963,39435.102121,509864,,,,17386,39436,0,0
4963,39435.102121,509865,,,,17386,39436,0,0
4963,39435.102121,509866,,,,17386,39436,0,0
4963,39435.102121,509867,,,,17386,39436,0,0
4963,39435.102121,509868,,,,17386,39436,0,0
4963,39435.102121,509869,,,,17386,39436,0,0
4963,39435.102121,509870,,,,17386,39436,0,0
4963,39435.102121,509871,,,,17386,39436,0,0
4963,39435.102121,509872,,,,17386,39436,0,0
4963,39435.102121,509873,,,,17386,39436,0,0
4963,39435.102121,509874,,,,17386,39436,0,0
4963,39435.102121,509875,,,,17386,39436,0,0
4963,39435.102121,509876,,,,17386,39436,0,0
4963,39435.102122,509877,,,,17391,39436,0,0
4963,39435.102122,509878,,,,17391,39436,0,0
4963,39435.102122,509879,,,,17391,39436,0,0
4963,39435.102122,509880,,,,17391,39436,0,0
4963,39435.102122,509881,,,,17391,39436,0,0
4963,39435.102122,509882,,,,17391,39436,0,0
4963,39435.102122,509883,,,,17391,39436,0,0
4963,39435.102122,509884,,,,17391,39436,0,0
4963,39435.102122,509885,,,,17391,39436,0,0
4963,39435.102122,509886,,,,17391,39436,0,0
4963,39435.102122,509887,,,,17391,39436,0,0
4964,39437.102146,509894,,,,17360,39437,0,0
4964,39437.102146,509895,,,,17360,39437,0,0
4964,39437.102146,509896,,,,17360,39437,0,0
4964,39437.102146,509897,,,,17360,39437,0,0
4964,39437.102146,509898,,,,17360,39437,0,0
4964,39437.102146,509899,,,,17360,39437,0,0
4964,39437.102146,509900,,,,17360,39437,0,0
4964,39437.102146,509901,,,,17360,39437,0,0
4964,39437.102146,509902,,,,17360,39437,0,0
4964,39437.102146,509903,,,,17360,39437,0,0
4964,39437.102146,509904,,,,17360,39437,0,0
4964,39437.102146,509905,,,,17360,39437,0,0
4964,39437.102146,509906,,,,17360,39437,0,0
4964,39437.102146,509907,,,,17360,39437,0,0
4964,39437.102146,509908,,,,17360,39437,0,0
4964,39437.102146,509909,,,,17360,39437,0,0
4964,39437.102147,509910,,,,17375,39437,0,0
4964,39437.102147,509911,,,,17375,39437,0,0
4964,39437.102147,509912,,,,17375,39437,0,0
4964,39437.102147,509913,,,,17375,39437,0,0
4964,39437.102147,509914,,,,17375,39437,0,0
4964,39437.102147,509915,,,,17375,39437,0,0
4964,39437.102147,509916,,,,17375,39437,0,0
4964,39437.102147,509917,,,,17375,39437,0,0
4964,39437.102147,509918,,,,17375,39437,0,0
4964,39437.102147,509919,,,,17375,39437,0,0
4964,39437.102147,509920,,,,17375,39437,0,0
4964,39437.102147,509921,,,,17375,39437,0,0
4964,39437.102147,509922,,,,17375,39437,0,0
4964,39437.102147,509923,,,,17375,39437,0,0
4964,39437.102147,509924,,,,17375,39437,0,0
4964,39437.102147,509925,,,,17375,39437,0,0
4964,39437.102147,509926,,,,17375,39437,0,0
4964,39437.102147,509927,,,,17375,39437,0,0
4964,39437.102147,509928,,,,17375,39437,0,0
4964,39437.102147,509929,,,,17375,39437,0,0
4964,39437.102147,509930,,,,17375,39437,0,0
4964,39437.102146,509931,,,,17361,39437,0,0
4964,39437.102146,509932,,,,17361,39437,0,0
4964,39437.102146,509933,,,,17361,39437,0,0
4964,39437.102146,509934,,,,17361,39437,0,0
4964,39437.102146,509935,,,,17361,39437,0,0
4964,39437.102146,509936,,,,17361,39437,0,0
4964,39437.102146,509937,,,,17361,39437,0,0
4964,39437.102146,509938,,,,17361,39437,0,0
4964,39437.102146,509939,,,,17361,39437,0,0
4964,39437.102146,509940,,,,17361,39437,0,0
4964,39437.102146,509941,,,,17361,39437,0,0
4964,39437.102146,509942,,,,17361,39437,0,0
4964,39437.102146,509943,,,,17361,39437,0,0
4964,39437.102146,509944,,,,17361,39437,0,0
4964,39437.102146,509945,,,,17361,39437,0,0
4964,39437.102146,509946,,,,17361,39437,0,0
4964,39437.102146,509947,,,,17361,39437,0,0
4964,39437.102147,509948,,,,17376,39437,0,0
4964,39437.102147,509949,,,,17376,39437,0,0
4964,39437.102147,509950,,,,17376,39437,0,0
4964,39437.102147,509951,,,,17376,39437,0,0
4964,39437.102147,509952,,,,17376,39437,0,0
4964,39437.102147,509953,,,,17376,39437,0,0
4964,39437.102147,509954,,,,17376,39437,0,0
4964,39437.102147,509955,,,,17376,39437,0,0
4964,39437.102147,509956,,,,17376,39437,0,0
4964,39437.102147,509957,,,,17376,39437,0,0
4964,39437.102147,509958,,,,17376,39437,0,0
4964,39437.102147,509959,,,,17376,39437,0,0
4964,39437.102147,509960,,,,17376,39437,0,0
4964,39437.102147,509961,,,,17376,39437,0,0
4964,39437.102147,509962,,,,17376,39437,0,0
4964,39437.102147,509963,,,,17376,39437,0,0
4964,39437.102147,509964,,,,17376,39437,0,0
4964,39437.102147,509965,,,,17376,39437,0,0
4964,39437.102147,509966,,,,17376,39437,0,0
4964,39437.102147,509967,,,,17376,39437,0,0
4964,39437.102147,509968,,,,17376,39437,0,0
4964,39437.102146,509970,,,,17359,39437,0,0
4964,39437.102146,509971,,,,17359,39437,0,0
4964,39437.102146,509972,,,,17359,39437,0,0
4964,39437.102146,509973,,,,17359,39437,0,0
4964,39437.102146,509974,,,,17359,39437,0,0
4964,39437.102146,509975,,,,17359,39437,0,0
4964,39437.102146,509976,,,,17359,39437,0,0
4964,39437.102146,509977,,,,17359,39437,0,0
4964,39437.102146,509978,,,,17359,39437,0,0
4964,39437.102146,509979,,,,17359,39437,0,0
4964,39437.102146,509980,,,,17359,39437,0,0
4964,39437.102146,509981,,,,17359,39437,0,0
4964,39437.102146,509982,,,,17359,39437,0,0
4964,39437.102146,509983,,,,17359,39437,0,0
4964,39437.102146,509984,,,,17359,39437,0,0
4964,39437.102146,509985,,,,17359,39437,0,0
4964,39437.102147,509986,,,,17374,39437,0,0
4964,39437.102147,509987,,,,17374,39437,0,0
4964,39437.102147,509988,,,,17374,39437,0,0
4964,39437.102147,509989,,,,17374,39437,0,0
4964,39437.102147,509990,,,,17374,39437,0,0
4964,39437.102147,509991,,,,17374,39437,0,0
4964,39437.102147,509992,,,,17374,39437,0,0
4964,39437.102147,509993,,,,17374,39437,0,0
4964,39437.102147,509994,,,,17374,39437,0,0
4964,39437.102147,509995,,,,17374,39437,0,0
4964,39437.102147,509996,,,,17374,39437,0,0
4964,39437.102147,509997,,,,17374,39437,0,0
4964,39437.102147,509998,,,,17374,39437,0,0
4964,39437.102147,509999,,,,17374,39437,0,0
4964,39437.102147,510000,,,,17374,39437,0,0
4964,39437.102147,510001,,,,17374,39437,0,0
4964,39437.102147,510002,,,,17374,39437,0,0
4964,39437.102147,510003,,,,17374,39437,0,0
4964,39437.102147,510004,,,,17374,39437,0,0
4964,39437.102147,510005,,,,17374,39437,0,0
4964,39437.102147,510006,,,,17374,39437,0,0
4964,39437.102146,510007,,,,17357,39437,0,0
4964,39437.102146,510008,,,,17357,39437,0,0
4964,39437.102146,510009,,,,17357,39437,0,0
4964,39437.102146,510010,,,,17357,39437,0,0
4964,39437.102146,510011,,,,17357,39437,0,0
4964,39437.102146,510012,,,,17357,39437,0,0
4964,39437.102146,510013,,,,17357,39437,0,0
4964,39437.102146,510014,,,,17357,39437,0,0
4964,39437.102146,510015,,,,17357,39437,0,0
4964,39437.102146,510016,,,,17357,39437,0,0
4964,39437.102146,510017,,,,17357,39437,0,0
4964,39437.102146,510018,,,,17357,39437,0,0
4964,39437.102146,510019,,,,17357,39437,0,0
4964,39437.102146,510020,,,,17357,39437,0,0
4964,39437.102146,510021,,,,17357,39437,0,0
4964,39437.102146,510022,,,,17357,39437,0,0
4964,39437.102146,510023,,,,17357,39437,0,0
4964,39437.102147,510024,,,,17377,39437,0,0
4964,39437.102147,510025,,,,17377,39437,0,0
4964,39437.102147,510026,,,,17377,39437,0,0
4964,39437.102147,510027,,,,17377,39437,0,0
4964,39437.102147,510028,,,,17377,39437,0,0
4964,39437.102147,510029,,,,17377,39437,0,0
4964,39437.102147,510030,,,,17377,39437,0,0
4964,39437.102147,510031,,,,17377,39437,0,0
4964,39437.102147,510032,,,,17377,39437,0,0
4964,39437.102147,510033,,,,17377,39437,0,0
4964,39437.102147,510034,,,,17377,39437,0,0
4964,39437.102147,510035,,,,17377,39437,0,0
4964,39437.102147,510036,,,,17377,39437,0,0
4964,39437.102147,510037,,,,17377,39437,0,0
4964,39437.102147,510038,,,,17377,39437,0,0
4964,39437.102147,510039,,,,17377,39437,0,0
4964,39437.102147,510040,,,,17377,39437,0,0
4964,39437.102147,510041,,,,17377,39437,0,0
4964,39437.102147,510042,,,,17377,39437,0,0
4964,39437.102147,510043,,,,17377,39437,0,0
4964,39437.102147,510044,,,,17377,39437,0,0
4964,39437.102146,510045,,,,17358,39437,0,0
4964,39437.102146,510046,,,,17358,39437,0,0
4964,39437.102146,510047,,,,17358,39437,0,0
4964,39437.102146,510048,,,,17358,39437,0,0
4964,39437.102146,510049,,,,17358,39437,0,0
4964,39437.102146,510050,,,,17358,39437,0,0
4964,39437.102146,510051,,,,17358,39437,0,0
4964,39437.102146,510052,,,,17358,39437,0,0
4964,39437.102146,510053,,,,17358,39437,0,0
4964,39437.102146,510054,,,,17358,39437,0,0
4964,39437.102146,510055,,,,17358,39437,0,0
4964,39437.102146,510056,,,,17358,39437,0,0
4964,39437.102146,510057,,,,17358,39437,0,0
4964,39437.102146,510058,,,,17358,39437,0,0
4964,39437.102146,510059,,,,17358,39437,0,0
4964,39437.102146,510060,,,,17358,39437,0,0
4964,39437.102147,510061,,,,17373,39437,0,0
4964,39437.102147,510062,,,,17373,39437,0,0
4964,39437.102147,510063,,,,17373,39437,0,0
4964,39437.102147,510064,,,,17373,39437,0,0
4964,39437.102147,510065,,,,17373,39437,0,0
4964,39437.102147,510066,,,,17373,39437,0,0
4964,39437.102147,510067,,,,17373,39437,0,0
4964,39437.102147,510068,,,,17373,39437,0,0
4964,39437.102147,510069,,,,17373,39437,0,0
4964,39437.102147,510070,,,,17373,39437,0,0
4964,39437.102147,510071,,,,17373,39437,0,0
4964,39437.102147,510072,,,,17373,39437,0,0
4964,39437.102147,510073,,,,17373,39437,0,0
4964,39437.102147,510074,,,,17373,39437,0,0
4964,39437.102147,510075,,,,17373,39437,0,0
4964,39437.102147,510076,,,,17373,39437,0,0
4964,39437.102147,510077,,,,17373,39437,0,0
4964,39437.102147,510078,,,,17373,39437,0,0
4964,39437.102147,510079,,,,17373,39437,0,0
4964,39437.102147,510080,,,,17373,39437,0,0
4964,39437.102147,510081,,,,17373,39437,0,0
4964,39437.102156,510082,,,,17404,39437,0,0
4964,39437.102156,510083,,,,17404,39437,0,0
4964,39437.102156,510084,,,,17404,39437,0,0
4964,39437.102156,510085,,,,17404,39437,0,0
4964,39437.102156,510086,,,,17404,39437,0,0
4964,39437.102156,510087,,,,17404,39437,0,0
4964,39437.102156,510088,,,,17404,39437,0,0
4964,39437.102156,510089,,,,17404,39437,0,0
4964,39437.102156,510090,,,,17404,39437,0,0
4964,39437.102156,510091,,,,17404,39437,0,0
4964,39437.102156,510092,,,,17404,39437,0,0
4964,39437.102156,510093,,,,17404,39437,0,0
4964,39437.102156,510094,,,,17404,39437,0,0
4964,39437.102156,510095,,,,17404,39437,0,0
4964,39437.102156,510096,,,,17404,39437,0,0
4964,39437.102156,510097,,,,17404,39437,0,0
4964,39437.102156,510098,,,,17404,39437,0,0
4964,39437.102156,510099,,,,17404,39437,0,0
4964,39437.102156,510100,,,,17404,39437,0,0
4964,39437.102157,510101,,,,17412,39437,0,0
4964,39437.102157,510102,,,,17412,39437,0,0
4964,39437.102157,510103,,,,17412,39437,0,0
4964,39437.102157,510104,,,,17412,39437,0,0
4964,39437.102157,510105,,,,17412,39437,0,0
4964,39437.102157,510106,,,,17412,39437,0,0
4964,39437.102157,510107,,,,17412,39437,0,0
4964,39437.102157,510108,,,,17412,39437,0,0
4964,39437.102157,510109,,,,17412,39437,0,0
4964,39437.102157,510110,,,,17412,39437,0,0
4964,39437.102157,510111,,,,17412,39437,0,0
4964,39437.102157,510112,,,,17412,39437,0,0
4964,39437.102157,510113,,,,17412,39437,0,0
4964,39437.102157,510114,,,,17412,39437,0,0
4964,39437.102156,510115,,,,17405,39437,0,0
4964,39437.102156,510116,,,,17405,39437,0,0
4964,39437.102156,510117,,,,17405,39437,0,0
4964,39437.102156,510118,,,,17405,39437,0,0
4964,39437.102156,510119,,,,17405,39437,0,0
4964,39437.102156,510120,,,,17405,39437,0,0
4964,39437.102156,510121,,,,17405,39437,0,0
4964,39437.102156,510122,,,,17405,39437,0,0
4964,39437.102156,510123,,,,17405,39437,0,0
4964,39437.102156,510124,,,,17405,39437,0,0
4964,39437.102156,510125,,,,17405,39437,0,0
4964,39437.102156,510126,,,,17405,39437,0,0
4964,39437.102156,510127,,,,17405,39437,0,0
4964,39437.102156,510128,,,,17405,39437,0,0
4964,39437.102156,510129,,,,17405,39437,0,0
4964,39437.102156,510130,,,,17405,39437,0,0
4964,39437.102156,510131,,,,17405,39437,0,0
4964,39437.102156,510132,,,,17405,39437,0,0
4964,39437.102156,510133,,,,17405,39437,0,0
4964,39437.102157,510134,,,,17414,39437,0,0
4964,39437.102157,510135,,,,17414,39437,0,0
4964,39437.102157,510136,,,,17414,39437,0,0
4964,39437.102157,510137,,,,17414,39437,0,0
4964,39437.102157,510138,,,,17414,39437,0,0
4964,39437.102157,510139,,,,17414,39437,0,0
4964,39437.102157,510140,,,,17414,39437,0,0
4964,39437.102157,510141,,,,17414,39437,0,0
4964,39437.102157,510142,,,,17414,39437,0,0
4964,39437.102157,510143,,,,17414,39437,0,0
4964,39437.102157,510144,,,,17414,39437,0,0
4964,39437.102157,510145,,,,17414,39437,0,0
4964,39437.102157,510146,,,,17414,39437,0,0
4964,39437.102157,510147,,,,17414,39437,0,0
4964,39437.102156,510148,,,,17403,39437,0,0
4964,39437.102156,510149,,,,17403,39437,0,0
4964,39437.102156,510150,,,,17403,39437,0,0
4964,39437.102156,510151,,,,17403,39437,0,0
4964,39437.102156,510152,,,,17403,39437,0,0
4964,39437.102156,510153,,,,17403,39437,0,0
4964,39437.102156,510154,,,,17403,39437,0,0
4964,39437.102156,510155,,,,17403,39437,0,0
4964,39437.102156,510156,,,,17403,39437,0,0
4964,39437.102156,510157,,,,17403,39437,0,0
4964,39437.102156,510158,,,,17403,39437,0,0
4964,39437.102156,510159,,,,17403,39437,0,0
4964,39437.102156,510160,,,,17403,39437,0,0
4964,39437.102156,510161,,,,17403,39437,0,0
4964,39437.102156,510162,,,,17403,39437,0,0
4964,39437.102156,510163,,,,17403,39437,0,0
4964,39437.102156,510164,,,,17403,39437,0,0
4964,39437.102156,510165,,,,17403,39437,0,0
4964,39437.102157,510166,,,,17411,39437,0,0
4964,39437.102157,510167,,,,17411,39437,0,0
4964,39437.102157,510168,,,,17411,39437,0,0
4964,39437.102157,510169,,,,17411,39437,0,0
4964,39437.102157,510170,,,,17411,39437,0,0
4964,39437.102157,510171,,,,17411,39437,0,0
4964,39437.102157,510172,,,,17411,39437,0,0
4964,39437.102157,510173,,,,17411,39437,0,0
4964,39437.102157,510174,,,,17411,39437,0,0
4964,39437.102157,510175,,,,17411,39437,0,0
4964,39437.102157,510176,,,,17411,39437,0,0
4964,39437.102157,510177,,,,17411,39437,0,0
4964,39437.102157,510178,,,,17411,39437,0,0
4964,39437.102157,510179,,,,17411,39437,0,0
4964,39437.102156,510180,,,,17408,39437,0,0
4964,39437.102156,510181,,,,17408,39437,0,0
4964,39437.102156,510182,,,,17408,39437,0,0
4964,39437.102156,510183,,,,17408,39437,0,0
4964,39437.102156,510184,,,,17408,39437,0,0
4964,39437.102156,510185,,,,17408,39437,0,0
4964,39437.102156,510186,,,,17408,39437,0,0
4964,39437.102156,510187,,,,17408,39437,0,0
4964,39437.102156,510188,,,,17408,39437,0,0
4964,39437.102156,510189,,,,17408,39437,0,0
4964,39437.102156,510190,,,,17408,39437,0,0
4964,39437.102156,510191,,,,17408,39437,0,0
4964,39437.102156,510192,,,,17408,39437,0,0
4964,39437.102156,510193,,,,17408,39437,0,0
4964,39437.102156,510194,,,,17408,39437,0,0
4964,39437.102156,510195,,,,17408,39437,0,0
4964,39437.102156,510196,,,,17408,39437,0,0
4964,39437.102156,510197,,,,17408,39437,0,0
4964,39437.102156,510198,,,,17408,39437,0,0
4964,39437.102157,510199,,,,17416,39437,0,0
4964,39437.102157,510200,,,,17416,39437,0,0
4964,39437.102157,510201,,,,17416,39437,0,0
4964,39437.102157,510202,,,,17416,39437,0,0
4964,39437.102157,510203,,,,17416,39437,0,0
4964,39437.102157,510204,,,,17416,39437,0,0
4964,39437.102157,510205,,,,17416,39437,0,0
4964,39437.102157,510206,,,,17416,39437,0,0
4964,39437.102157,510207,,,,17416,39437,0,0
4964,39437.102157,510208,,,,17416,39437,0,0
4964,39437.102157,510209,,,,17416,39437,0,0
4964,39437.102157,510210,,,,17416,39437,0,0
4964,39437.102157,510211,,,,17416,39437,0,0
4964,39437.102157,510212,,,,17416,39437,0,0
4964,39437.102156,510213,,,,17402,39437,0,0
4964,39437.102156,510214,,,,17402,39437,0,0
4964,39437.102156,510215,,,,17402,39437,0,0
4964,39437.102156,510216,,,,17402,39437,0,0
4964,39437.102156,510217,,,,17402,39437,0,0
4964,39437.102156,510218,,,,17402,39437,0,0
4964,39437.102156,510219,,,,17402,39437,0,0
4964,39437.102156,510220,,,,17402,39437,0,0
4964,39437.102156,510221,,,,17402,39437,0,0
4964,39437.102156,510222,,,,17402,39437,0,0
4964,39437.102156,510223,,,,17402,39437,0,0
4964,39437.102156,510224,,,,17402,39437,0,0
4964,39437.102156,510225,,,,17402,39437,0,0
4964,39437.102156,510226,,,,17402,39437,0,0
4964,39437.102156,510227,,,,17402,39437,0,0
4964,39437.102156,510228,,,,17402,39437,0,0
4964,39437.102156,510229,,,,17402,39437,0,0
4964,39437.102156,510230,,,,17402,39437,0,0
4964,39437.102157,510231,,,,17409,39437,0,0
4964,39437.102157,510232,,,,17409,39437,0,0
4964,39437.102157,510233,,,,17409,39437,0,0
4964,39437.102157,510234,,,,17409,39437,0,0
4964,39437.102157,510235,,,,17409,39437,0,0
4964,39437.102157,510236,,,,17409,39437,0,0
4964,39437.102157,510237,,,,17409,39437,0,0
4964,39437.102157,510238,,,,17409,39437,0,0
4964,39437.102157,510239,,,,17409,39437,0,0
4964,39437.102157,510240,,,,17409,39437,0,0
4964,39437.102157,510241,,,,17409,39437,0,0
4964,39437.102157,510242,,,,17409,39437,0,0
4964,39437.102157,510243,,,,17409,39437,0,0
4965,39435.102117,677190,,,,27639,49071,0,0
4965,39435.102117,677191,,,,27639,49071,0,0
4965,39435.102117,677192,,,,27639,49071,0,0
4965,39435.102117,677193,,,,27639,49071,0,0
4965,39435.102117,677194,,,,27639,49071,0,0
4965,39435.102117,677195,,,,27639,49071,0,0
4965,39435.102117,677196,,,,27639,49071,0,0
4965,39435.102117,677197,,,,27639,49071,0,0
4965,39435.102117,677198,,,,27639,49071,0,0
4965,39435.102117,677199,,,,27639,49071,0,0
4965,39435.102117,677200,,,,27639,49071,0,0
4965,39435.102117,677201,,,,27639,49071,0,0
4965,39435.102117,732183,,,,27639,49071,0,0
4965,39437.102147,677202,,,,27651,49071,0,0
4965,39437.102147,677203,,,,27651,49071,0,0
4965,39437.102147,677204,,,,27651,49071,0,0
4965,39437.102147,677205,,,,27651,49071,0,0
4965,39437.102147,677206,,,,27651,49071,0,0
4965,39437.102147,677207,,,,27651,49071,0,0
4965,39437.102147,677208,,,,27651,49071,0,0
4965,39437.102147,677209,,,,27651,49071,0,0
4965,39437.102147,677210,,,,27651,49071,0,0
4965,39437.102147,677211,,,,27651,49071,0,0
4965,39437.102147,677212,,,,27651,49071,0,0
4965,39437.102147,677213,,,,27651,49071,0,0
4965,39437.102147,677214,,,,27651,49071,0,0
4965,39437.102147,677215,,,,27651,49071,0,0
4965,39437.102147,677216,,,,27651,49071,0,0
4965,39437.102147,732184,,,,27651,49071,0,0
4965,39437.102146,677217,,,,27623,49071,0,0
4965,39437.102146,677218,,,,27623,49071,0,0
4965,39437.102146,677219,,,,27623,49071,0,0
4965,39437.102146,677220,,,,27623,49071,0,0
4965,39437.102146,677221,,,,27623,49071,0,0
4965,39437.102146,677222,,,,27623,49071,0,0
4965,39437.102146,677223,,,,27623,49071,0,0
4965,39437.102146,677224,,,,27623,49071,0,0
4965,39437.102146,677225,,,,27623,49071,0,0
4965,39437.102146,677226,,,,27623,49071,0,0
4965,39437.102146,677227,,,,27623,49071,0,0
4965,39437.102146,677228,,,,27623,49071,0,0
4965,39437.102147,677229,,,,27645,49071,0,0
4965,39437.102147,677230,,,,27645,49071,0,0
4965,39437.102147,677231,,,,27645,49071,0,0
4965,39437.102147,677232,,,,27645,49071,0,0
4965,39437.102147,677233,,,,27645,49071,0,0
4965,39437.102147,677234,,,,27645,49071,0,0
4965,39437.102147,677235,,,,27645,49071,0,0
4965,39437.102147,677236,,,,27645,49071,0,0
4965,39437.102147,677237,,,,27645,49071,0,0
4965,39437.102147,677238,,,,27645,49071,0,0
4965,39437.102147,677239,,,,27645,49071,0,0
4965,39437.102147,677240,,,,27645,49071,0,0
4965,39437.102147,677241,,,,27645,49071,0,0
4965,39437.102147,677242,,,,27645,49071,0,0
4965,39437.102147,677243,,,,27645,49071,0,0
4965,39437.102147,677244,,,,27645,49071,0,0
4965,39437.102146,677245,,,,27637,49071,0,0
4965,39437.102146,677246,,,,27637,49071,0,0
4965,39437.102146,677247,,,,27637,49071,0,0
4965,39437.102146,677248,,,,27637,49071,0,0
4965,39437.102146,677249,,,,27637,49071,0,0
4965,39437.102146,677250,,,,27637,49071,0,0
4965,39437.102146,677251,,,,27637,49071,0,0
4965,39437.102146,677252,,,,27637,49071,0,0
4965,39437.102146,677253,,,,27637,49071,0,0
4965,39437.102146,677254,,,,27637,49071,0,0
4965,39437.102146,677255,,,,27637,49071,0,0
4965,39437.102146,677256,,,,27637,49071,0,0
4965,39437.102146,732185,,,,27637,49071,0,0
4965,39437.102147,677257,,,,27647,49071,0,0
4965,39437.102147,677258,,,,27647,49071,0,0
4965,39437.102147,677259,,,,27647,49071,0,0
4965,39437.102147,677260,,,,27647,49071,0,0
4965,39437.102147,677261,,,,27647,49071,0,0
4965,39437.102147,677262,,,,27647,49071,0,0
4965,39437.102147,677263,,,,27647,49071,0,0
4965,39437.102147,677264,,,,27647,49071,0,0
4965,39437.102147,677265,,,,27647,49071,0,0
4965,39437.102147,677266,,,,27647,49071,0,0
4965,39437.102147,677267,,,,27647,49071,0,0
4965,39437.102147,677268,,,,27647,49071,0,0
4965,39437.102147,677269,,,,27647,49071,0,0
4965,39437.102147,677270,,,,27647,49071,0,0
4965,39437.102147,677271,,,,27647,49071,0,0
4965,39437.102147,732187,,,,27647,49071,0,0
4965,39437.102147,732188,,,,27647,49071,0,0
4965,39437.102146,677272,,,,27638,49071,0,0
4965,39437.102146,677273,,,,27638,49071,0,0
4965,39437.102146,677274,,,,27638,49071,0,0
4965,39437.102146,677275,,,,27638,49071,0,0
4965,39437.102146,677276,,,,27638,49071,0,0
4965,39437.102146,677277,,,,27638,49071,0,0
4965,39437.102146,677278,,,,27638,49071,0,0
4965,39437.102146,677279,,,,27638,49071,0,0
4965,39437.102146,677280,,,,27638,49071,0,0
4965,39437.102146,677281,,,,27638,49071,0,0
4965,39437.102146,677282,,,,27638,49071,0,0
4965,39437.102146,677283,,,,27638,49071,0,0
4965,39437.102146,732180,,,,27638,49071,0,0
4965,39437.102147,677284,,,,27650,49071,0,0
4965,39437.102147,677285,,,,27650,49071,0,0
4965,39437.102147,677286,,,,27650,49071,0,0
4965,39437.102147,677287,,,,27650,49071,0,0
4965,39437.102147,677288,,,,27650,49071,0,0
4965,39437.102147,677289,,,,27650,49071,0,0
4965,39437.102147,677290,,,,27650,49071,0,0
4965,39437.102147,677291,,,,27650,49071,0,0
4965,39437.102147,677292,,,,27650,49071,0,0
4965,39437.102147,677293,,,,27650,49071,0,0
4965,39437.102147,677294,,,,27650,49071,0,0
4965,39437.102147,677295,,,,27650,49071,0,0
4965,39437.102147,677296,,,,27650,49071,0,0
4965,39437.102147,677297,,,,27650,49071,0,0
4965,39437.102147,677298,,,,27650,49071,0,0
4965,39437.102147,732189,,,,27650,49071,0,0
4965,39437.102147,732190,,,,27650,49071,0,0
4965,39437.102146,677326,,,,27636,49071,0,0
4965,39437.102146,677327,,,,27636,49071,0,0
4965,39437.102146,677328,,,,27636,49071,0,0
4965,39437.102146,677329,,,,27636,49071,0,0
4965,39437.102146,677330,,,,27636,49071,0,0
4965,39437.102146,677331,,,,27636,49071,0,0
4965,39437.102146,677332,,,,27636,49071,0,0
4965,39437.102146,677333,,,,27636,49071,0,0
4965,39437.102146,677334,,,,27636,49071,0,0
4965,39437.102146,677335,,,,27636,49071,0,0
4965,39437.102146,677336,,,,27636,49071,0,0
4965,39437.102146,677518,,,,27636,49071,0,0
4965,39437.102146,677519,,,,27636,49071,0,0
4965,39437.102147,677337,,,,27646,49071,0,0
4965,39437.102147,677338,,,,27646,49071,0,0
4965,39437.102147,677340,,,,27646,49071,0,0
4965,39437.102147,677341,,,,27646,49071,0,0
4965,39437.102147,677342,,,,27646,49071,0,0
4965,39437.102147,677343,,,,27646,49071,0,0
4965,39437.102147,677344,,,,27646,49071,0,0
4965,39437.102147,677345,,,,27646,49071,0,0
4965,39437.102147,677346,,,,27646,49071,0,0
4965,39437.102147,677347,,,,27646,49071,0,0
4965,39437.102147,677348,,,,27646,49071,0,0
4965,39437.102147,677349,,,,27646,49071,0,0
4965,39437.102147,677350,,,,27646,49071,0,0
4965,39437.102147,732191,,,,27646,49071,0,0
4965,39437.102147,732192,,,,27646,49071,0,0
4965,39437.102147,732193,,,,27646,49071,0,0
4965,39437.102156,677351,,,,27641,49071,0,0
4965,39437.102156,677352,,,,27641,49071,0,0
4965,39437.102156,677353,,,,27641,49071,0,0
4965,39437.102156,677354,,,,27641,49071,0,0
4965,39437.102156,677355,,,,27641,49071,0,0
4965,39437.102156,677356,,,,27641,49071,0,0
4965,39437.102156,677357,,,,27641,49071,0,0
4965,39437.102156,677358,,,,27641,49071,0,0
4965,39437.102156,677359,,,,27641,49071,0,0
4965,39437.102156,677360,,,,27641,49071,0,0
4965,39437.102156,677361,,,,27641,49071,0,0
4965,39437.102156,677362,,,,27641,49071,0,0
4965,39437.102156,732194,,,,27641,49071,0,0
4965,39437.102156,732195,,,,27641,49071,0,0
4965,39437.102156,677367,,,,27652,49071,0,0
4965,39437.102156,677368,,,,27652,49071,0,0
4965,39437.102156,677369,,,,27652,49071,0,0
4965,39437.102156,677370,,,,27652,49071,0,0
4965,39437.102156,677371,,,,27652,49071,0,0
4965,39437.102156,677372,,,,27652,49071,0,0
4965,39437.102156,677373,,,,27652,49071,0,0
4965,39437.102156,677374,,,,27652,49071,0,0
4965,39437.102156,677375,,,,27652,49071,0,0
4965,39437.102156,677376,,,,27652,49071,0,0
4965,39437.102156,677377,,,,27652,49071,0,0
4965,39437.102156,677378,,,,27652,49071,0,0
4965,39437.102156,677379,,,,27652,49071,0,0
4965,39437.102156,732196,,,,27652,49071,0,0
4965,39435.102122,677383,,,,27657,49071,0,0
4965,39435.102122,677384,,,,27657,49071,0,0
4965,39435.102122,677385,,,,27657,49071,0,0
4965,39435.102122,677386,,,,27657,49071,0,0
4965,39435.102122,677387,,,,27657,49071,0,0
4965,39435.102122,677388,,,,27657,49071,0,0
4965,39435.102122,677389,,,,27657,49071,0,0
4965,39435.102122,677390,,,,27657,49071,0,0
4965,39435.102122,677391,,,,27657,49071,0,0
4965,39435.102122,677392,,,,27657,49071,0,0
4965,39435.102122,677393,,,,27657,49071,0,0
4965,39437.102157,677395,,,,27653,49071,0,0
4965,39437.102157,677396,,,,27653,49071,0,0
4965,39437.102157,677397,,,,27653,49071,0,0
4965,39437.102157,677398,,,,27653,49071,0,0
4965,39437.102157,677399,,,,27653,49071,0,0
4965,39437.102157,677400,,,,27653,49071,0,0
4965,39437.102157,677401,,,,27653,49071,0,0
4965,39437.102157,677402,,,,27653,49071,0,0
4965,39437.102157,677403,,,,27653,49071,0,0
4965,39437.102157,732199,,,,27653,49071,0,0
4965,39437.102157,732200,,,,27653,49071,0,0
4965,39437.102156,677407,,,,27643,49071,0,0
4965,39437.102156,677408,,,,27643,49071,0,0
4965,39437.102156,677409,,,,27643,49071,0,0
4965,39437.102156,677410,,,,27643,49071,0,0
4965,39437.102156,677411,,,,27643,49071,0,0
4965,39437.102156,677412,,,,27643,49071,0,0
4965,39437.102156,677413,,,,27643,49071,0,0
4965,39437.102156,677414,,,,27643,49071,0,0
4965,39437.102156,677415,,,,27643,49071,0,0
4965,39437.102156,677416,,,,27643,49071,0,0
4965,39437.102156,677417,,,,27643,49071,0,0
4965,39437.102156,677418,,,,27643,49071,0,0
4965,39437.102156,677419,,,,27643,49071,0,0
4965,39437.102156,677420,,,,27643,49071,0,0
4965,39437.102156,677421,,,,27643,49071,0,0
4965,39435.102122,677423,,,,27655,49071,0,0
4965,39435.102122,677424,,,,27655,49071,0,0
4965,39435.102122,677425,,,,27655,49071,0,0
4965,39435.102122,677426,,,,27655,49071,0,0
4965,39435.102122,677427,,,,27655,49071,0,0
4965,39435.102122,677428,,,,27655,49071,0,0
4965,39435.102122,677429,,,,27655,49071,0,0
4965,39435.102122,677430,,,,27655,49071,0,0
4965,39435.102122,677431,,,,27655,49071,0,0
4965,39435.102122,677432,,,,27655,49071,0,0
4965,39435.102122,677433,,,,27655,49071,0,0
4965,39437.102156,677435,,,,27648,49071,0,0
4965,39437.102156,677436,,,,27648,49071,0,0
4965,39437.102156,677437,,,,27648,49071,0,0
4965,39437.102156,677438,,,,27648,49071,0,0
4965,39437.102156,677439,,,,27648,49071,0,0
4965,39437.102156,677440,,,,27648,49071,0,0
4965,39437.102156,677441,,,,27648,49071,0,0
4965,39437.102156,677442,,,,27648,49071,0,0
4965,39437.102156,677443,,,,27648,49071,0,0
4965,39437.102156,677444,,,,27648,49071,0,0
4965,39437.102156,677445,,,,27648,49071,0,0
4965,39437.102156,677446,,,,27648,49071,0,0
4965,39437.102156,677447,,,,27648,49071,0,0
4965,39437.102156,732212,,,,27648,49071,0,0
4965,39437.102156,732213,,,,27648,49071,0,0
4965,39437.102157,677451,,,,27656,49071,0,0
4965,39437.102157,677452,,,,27656,49071,0,0
4965,39437.102157,677453,,,,27656,49071,0,0
4965,39437.102157,677454,,,,27656,49071,0,0
4965,39437.102157,677455,,,,27656,49071,0,0
4965,39437.102157,677456,,,,27656,49071,0,0
4965,39437.102157,677457,,,,27656,49071,0,0
4965,39437.102157,677458,,,,27656,49071,0,0
4965,39437.102157,677459,,,,27656,49071,0,0
4965,39437.102157,677460,,,,27656,49071,0,0
4965,39437.102157,677461,,,,27656,49071,0,0
4965,39437.102156,677463,,,,27642,49071,0,0
4965,39437.102156,677464,,,,27642,49071,0,0
4965,39437.102156,677465,,,,27642,49071,0,0
4965,39437.102156,677466,,,,27642,49071,0,0
4965,39437.102156,677467,,,,27642,49071,0,0
4965,39437.102156,677468,,,,27642,49071,0,0
4965,39437.102156,677469,,,,27642,49071,0,0
4965,39437.102156,677470,,,,27642,49071,0,0
4965,39437.102156,677471,,,,27642,49071,0,0
4965,39437.102156,677472,,,,27642,49071,0,0
4965,39437.102156,677473,,,,27642,49071,0,0
4965,39437.102156,677474,,,,27642,49071,0,0
4965,39437.102156,677475,,,,27642,49071,0,0
4965,39437.102156,732214,,,,27642,49071,0,0
4965,39437.102156,732215,,,,27642,49071,0,0
4965,39437.102157,677479,,,,27654,49071,0,0
4965,39437.102157,677480,,,,27654,49071,0,0
4965,39437.102157,677481,,,,27654,49071,0,0
4965,39437.102157,677482,,,,27654,49071,0,0
4965,39437.102157,677483,,,,27654,49071,0,0
4965,39437.102157,677484,,,,27654,49071,0,0
4965,39437.102157,677485,,,,27654,49071,0,0
4965,39437.102157,677486,,,,27654,49071,0,0
4965,39437.102157,677487,,,,27654,49071,0,0
4965,39437.102157,677488,,,,27654,49071,0,0
4965,39437.102157,732217,,,,27654,49071,0,0